1611574513.5540183 353054.77718741016 4025812.7007960356 47.9576 0.0 0.0 0.0 0.0
1611574514.5547168 353054.79115702404 4025812.6778109604 47.9435 0.0 0.0 0.0 0.0
1611574515.5544217 353054.7951307836 4025812.6651673354 47.9403 0.0 0.0 0.0 0.0
1611574516.5596457 353054.80744299246 4025812.641470583 47.9362 0.0 0.0 0.0 0.0
1611574517.5580504 353054.8960987702 4025812.6212879517 47.9272 0.0 0.0 0.0 0.0
1611574518.5547137 353055.0215670533 4025812.5932682976 47.9 0.0 0.0 0.0 0.0
1611574519.553861 353055.1585083542 4025812.589096939 47.9021 0.0 0.0 0.0 0.0
1611574520.5537543 353055.5928105605 4025812.5321679306 47.8758 0.0 0.0 0.0 0.0
1611574521.5533442 353056.45947638556 4025812.409835386 47.8818 0.0 0.0 0.0 0.0
1611574522.5545068 353057.7116122261 4025812.1999613694 47.874 0.0 0.0 0.0 0.0
1611574523.5545046 353059.27524765476 4025811.9507762045 47.8908 0.0 0.0 0.0 0.0
1611574524.5540302 353061.08182712784 4025811.5976020573 47.9047 0.0 0.0 0.0 0.0
1611574525.5543668 353063.08579191053 4025811.161740384 47.9328 0.0 0.0 0.0 0.0
1611574526.5543022 353065.24378144386 4025810.6529887705 47.9554 0.0 0.0 0.0 0.0
1611574527.5540538 353067.4902850444 4025810.106857741 47.9558 0.0 0.0 0.0 0.0
1611574528.5530453 353069.6975897562 4025809.595421721 47.9964 0.0 0.0 0.0 0.0
1611574529.5538967 353071.3856113441 4025809.210229928 48.0097 0.0 0.0 0.0 0.0
1611574530.554133 353073.11825453583 4025808.8366732835 48.0331 0.0 0.0 0.0 0.0
1611574531.5541196 353075.2993070268 4025808.3824618366 48.0748 0.0 0.0 0.0 0.0
1611574532.553798 353077.82558432856 4025807.9371939814 48.0712 0.0 0.0 0.0 0.0
1611574533.5540342 353080.4699178883 4025807.5737055065 48.0409 0.0 0.0 0.0 0.0
1611574534.554668 353083.12543086417 4025807.225563694 48.0344 0.0 0.0 0.0 0.0
1611574535.5546684 353085.35925993975 4025806.919895525 48.0171 0.0 0.0 0.0 0.0
1611574536.5534182 353087.0692797054 4025806.5352586545 48.0295 0.0 0.0 0.0 0.0
1611574537.5540462 353088.3116780716 4025806.0773583073 48.0152 0.0 0.0 0.0 0.0
1611574538.5541346 353089.3747613961 4025805.4445809266 47.9984 0.0 0.0 0.0 0.0
1611574539.554225 353090.7016364506 4025804.093445213 48.5749 0.0 0.0 0.0 0.0
1611574540.553981 353091.051259163 4025803.117668238 47.6626 0.0 0.0 0.0 0.0
1611574541.5545685 353091.52056522924 4025800.8901906526 47.6996 0.0 0.0 0.0 0.0
1611574542.560556 353091.35412680893 4025798.1924483925 47.6809 0.0 0.0 0.0 0.0
1611574543.5576253 353090.77923300385 4025795.188148587 47.6186 0.0 0.0 0.0 0.0
1611574544.5537539 353090.156339961 4025791.893559392 47.6496 0.0 0.0 0.0 0.0
1611574545.5539956 353089.48531519744 4025788.415581143 47.6567 0.0 0.0 0.0 0.0
1611574546.5542202 353088.74065835134 4025784.8911353606 47.642 0.0 0.0 0.0 0.0
1611574547.553099 353087.983746543 4025781.499687718 47.6098 0.0 0.0 0.0 0.0
1611574548.554155 353087.5155667319 4025778.2346564555 47.5598 0.0 0.0 0.0 0.0
1611574549.5545812 353087.7802547136 4025775.063175314 47.5501 0.0 0.0 0.0 0.0
1611574550.5547128 353089.0908434242 4025772.2656777273 47.5294 0.0 0.0 0.0 0.0
1611574551.5537732 353091.34314712824 4025770.16388471 47.5437 0.0 0.0 0.0 0.0
1611574552.5538385 353094.2224398622 4025768.79216816 47.5341 0.0 0.0 0.0 0.0
1611574553.5535445 353097.41923317034 4025767.7350252843 47.4132 0.0 0.0 0.0 0.0
1611574554.5540745 353100.7747121112 4025766.747507307 47.2329 0.0 0.0 0.0 0.0
1611574555.553334 353104.2612472031 4025765.9556602025 47.1802 0.0 0.0 0.0 0.0
1611574556.5541089 353107.8671766038 4025765.1303502903 47.148 0.0 0.0 0.0 0.0
1611574557.5538697 353111.53663321456 4025764.2671612017 47.1331 0.0 0.0 0.0 0.0
1611574558.5544262 353115.1933786949 4025763.4217588846 47.1498 0.0 0.0 0.0 0.0
1611574559.553802 353118.6950273061 4025762.5860146047 47.1224 0.0 0.0 0.0 0.0
1611574560.553938 353121.69738811726 4025761.794427791 47.1228 0.0 0.0 0.0 0.0
1611574561.5536766 353124.06145567796 4025761.105946765 47.1037 0.0 0.0 0.0 0.0
1611574562.5530849 353125.96469100815 4025760.436002922 47.0875 0.0 0.0 0.0 0.0
1611574563.5536945 353127.4313228921 4025759.8285720926 47.0795 0.0 0.0 0.0 0.0
1611574564.5536706 353128.7467696009 4025759.064466203 47.0395 0.0 0.0 0.0 0.0
1611574565.5539386 353129.7062674388 4025758.806113281 47.9807 0.0 0.0 0.0 0.0
1611574566.5552933 353130.7045284321 4025757.6752741486 48.0624 0.0 0.0 0.0 0.0
1611574567.5533907 353131.6799595983 4025756.1151954434 48.0752 0.0 0.0 0.0 0.0
1611574568.5594914 353132.5062318339 4025754.1208051248 48.2408 0.0 0.0 0.0 0.0
1611574569.556663 353133.3414920068 4025751.7388034165 48.2653 0.0 0.0 0.0 0.0
1611574570.5531893 353134.1322983611 4025749.046108235 48.3071 0.0 0.0 0.0 0.0
1611574571.5536702 353134.89564094297 4025746.065549751 48.3012 0.0 0.0 0.0 0.0
1611574572.55376 353135.58121554565 4025742.9444566206 48.3126 0.0 0.0 0.0 0.0
1611574573.55349 353136.1662356316 4025739.865200557 48.2827 0.0 0.0 0.0 0.0
1611574574.5528693 353136.47283991874 4025736.809341929 48.2526 0.0 0.0 0.0 0.0
1611574575.553908 353136.29066914227 4025733.7384629245 48.2565 0.0 0.0 0.0 0.0
1611574576.5542521 353135.34833871794 4025730.7202285193 48.2079 0.0 0.0 0.0 0.0
1611574577.5528383 353133.6312612116 4025727.714753118 48.0913 0.0 0.0 0.0 0.0
1611574578.5533571 353131.29271235573 4025724.9138165885 48.042 0.0 0.0 0.0 0.0
1611574579.553542 353128.50843772735 4025722.334600102 48.1687 0.0 0.0 0.0 0.0
1611574580.5529025 353125.39325935673 4025719.859197864 48.1568 0.0 0.0 0.0 0.0
1611574581.5528455 353122.07375476765 4025717.383745482 48.1892 0.0 0.0 0.0 0.0
1611574582.5530944 353118.5845152914 4025714.8664142694 48.236 0.0 0.0 0.0 0.0
1611574583.5534453 353115.04282752564 4025712.414149089 48.1492 0.0 0.0 0.0 0.0
1611574584.5534456 353111.5137527226 4025710.035464442 48.1595 0.0 0.0 0.0 0.0
1611574585.5523458 353108.3689715146 4025706.890699826 47.501 0.0 0.0 0.0 0.0
1611574586.5527651 353104.919893365 4025704.660652022 47.493 0.0 0.0 0.0 0.0
1611574587.5527065 353101.46966455434 4025702.4687236305 47.4789 0.0 0.0 0.0 0.0
1611574588.5518835 353098.0379450199 4025700.2746333545 47.4758 0.0 0.0 0.0 0.0
1611574589.5527852 353094.39948563767 4025698.3705280726 47.3406 0.0 0.0 0.0 0.0
1611574590.5529613 353090.9066917418 4025696.2268559453 47.3458 0.0 0.0 0.0 0.0
1611574591.553551 353087.4166512628 4025694.033943172 47.3257 0.0 0.0 0.0 0.0
1611574592.553392 353083.8961462948 4025691.861707121 47.3281 0.0 0.0 0.0 0.0
1611574593.5523124 353080.2875878465 4025689.780663303 47.2977 0.0 0.0 0.0 0.0
1611574594.5585394 353076.67119928205 4025687.6437153863 47.2957 0.0 0.0 0.0 0.0
1611574595.5557945 353073.0477685696 4025685.4797014 47.2494 0.0 0.0 0.0 0.0
1611574596.5521736 353069.4423544315 4025683.2491731867 47.2196 0.0 0.0 0.0 0.0
1611574597.553019 353065.8566752755 4025681.000557115 47.2296 0.0 0.0 0.0 0.0
1611574598.553259 353062.4470984843 4025678.728427949 47.2955 0.0 0.0 0.0 0.0
1611574599.5529833 353059.1085350247 4025676.674810453 47.3495 0.0 0.0 0.0 0.0
1611574600.5526237 353055.9357342224 4025674.772997557 47.3818 0.0 0.0 0.0 0.0
1611574601.55338 353053.09156122775 4025673.1537578413 47.2756 0.0 0.0 0.0 0.0
1611574602.5533009 353050.3720727363 4025671.892492438 47.3254 0.0 0.0 0.0 0.0
1611574603.5526965 353047.892893316 4025671.1215106784 47.3148 0.0 0.0 0.0 0.0
1611574604.5530708 353045.7185345774 4025670.8874342837 47.2973 0.0 0.0 0.0 0.0
1611574605.5526617 353044.0011065805 4025671.074867549 47.2718 0.0 0.0 0.0 0.0
1611574606.5527685 353042.6923757662 4025671.4591803728 47.2423 0.0 0.0 0.0 0.0
1611574607.5531142 353041.76137025934 4025671.872228093 47.2585 0.0 0.0 0.0 0.0
1611574608.552183 353041.0812672414 4025672.2799118585 47.2192 0.0 0.0 0.0 0.0
1611574609.5530224 353040.17031496833 4025672.9228759925 47.2048 0.0 0.0 0.0 0.0
1611574610.5527782 353038.8971472689 4025673.957776996 47.1821 0.0 0.0 0.0 0.0
1611574611.552216 353037.1573053319 4025675.1344915265 47.1707 0.0 0.0 0.0 0.0
1611574612.552772 353034.83024550485 4025675.765959636 47.2384 0.0 0.0 0.0 0.0
1611574613.552269 353031.9629880748 4025675.4848238435 47.0944 0.0 0.0 0.0 0.0
1611574614.5523975 353029.0914909481 4025673.912846172 47.2204 0.0 0.0 0.0 0.0
1611574615.5518327 353025.79906322353 4025672.0753989373 47.2305 0.0 0.0 0.0 0.0
1611574616.5521395 353022.2236251586 4025669.90245387 47.2038 0.0 0.0 0.0 0.0
1611574617.5527313 353018.43112307007 4025667.5782076167 47.2004 0.0 0.0 0.0 0.0
1611574618.5524979 353014.6081996184 4025665.215455503 47.1857 0.0 0.0 0.0 0.0
1611574619.5512252 353010.8695057737 4025662.8449883447 47.2134 0.0 0.0 0.0 0.0
1611574620.5570211 353007.3129344755 4025660.603114587 47.2053 0.0 0.0 0.0 0.0
1611574621.5543392 353004.15765359683 4025658.6594101167 47.2348 0.0 0.0 0.0 0.0
1611574622.551804 353001.4539620187 4025657.051489932 47.2451 0.0 0.0 0.0 0.0
1611574623.551291 352999.2044621813 4025655.7563763387 47.2694 0.0 0.0 0.0 0.0
1611574624.5524704 352997.35866029176 4025654.627894303 47.2447 0.0 0.0 0.0 0.0
1611574625.552594 352995.71404995176 4025653.332323959 47.2725 0.0 0.0 0.0 0.0
1611574626.5527935 352994.17584463576 4025652.4897284415 47.0103 0.0 0.0 0.0 0.0
1611574627.5517225 352993.73332569853 4025650.9074485325 47.0084 0.0 0.0 0.0 0.0
1611574628.5520988 352994.24747758056 4025649.0583416643 47.1253 0.0 0.0 0.0 0.0
1611574629.5522733 352995.48651517613 4025647.5192985297 47.1669 0.0 0.0 0.0 0.0
1611574630.551912 352997.35443636496 4025646.2919477634 47.2073 0.0 0.0 0.0 0.0
1611574631.552513 352999.55697272054 4025645.497056308 47.2403 0.0 0.0 0.0 0.0
1611574632.5521965 353001.9853092547 4025645.0334557137 47.3172 0.0 0.0 0.0 0.0
1611574633.5522554 353004.5351555785 4025644.978557398 47.3817 0.0 0.0 0.0 0.0
1611574634.5517986 353007.1300525954 4025645.4279800598 47.4696 0.0 0.0 0.0 0.0
1611574635.5517251 353009.71442502993 4025646.465151649 47.5057 0.0 0.0 0.0 0.0
1611574636.551715 353012.37472094217 4025647.8426294206 47.5312 0.0 0.0 0.0 0.0
1611574637.55198 353015.15067675 4025649.451546818 47.5981 0.0 0.0 0.0 0.0
1611574638.551442 353018.11370435555 4025651.1985903615 47.6313 0.0 0.0 0.0 0.0
1611574639.5519843 353021.2254288931 4025653.114187127 47.612 0.0 0.0 0.0 0.0
1611574640.551726 353024.35578350624 4025655.246409265 47.4524 0.0 0.0 0.0 0.0
1611574641.5517926 353027.7231309302 4025657.214636338 47.455 0.0 0.0 0.0 0.0
1611574642.5518014 353031.0191212351 4025659.253059091 47.4196 0.0 0.0 0.0 0.0
1611574643.5517795 353034.2168238596 4025661.202526751 47.4256 0.0 0.0 0.0 0.0
1611574644.5515604 353037.1205701248 4025663.2030313187 47.4283 0.0 0.0 0.0 0.0
1611574645.550535 353039.07674057013 4025665.3451818535 47.4684 0.0 0.0 0.0 0.0
1611574646.5567522 353039.9810962732 4025667.48001527 47.4064 0.0 0.0 0.0 0.0
1611574647.5526316 353040.1228248016 4025669.222381193 47.3227 0.0 0.0 0.0 0.0
1611574648.5516317 353040.0136488895 4025670.573034773 47.2366 0.0 0.0 0.0 0.0
1611574649.550998 353039.69070119114 4025672.151651207 47.2401 0.0 0.0 0.0 0.0
1611574650.552262 353039.61862711015 4025673.979018189 47.2226 0.0 0.0 0.0 0.0
1611574651.5522876 353040.25635422405 4025676.126880173 47.1551 0.0 0.0 0.0 0.0
1611574652.5512104 353041.96558843285 4025678.3673552945 47.1517 0.0 0.0 0.0 0.0
1611574653.5514355 353044.58758925 4025680.663002727 47.1041 0.0 0.0 0.0 0.0
1611574654.5515745 353047.9575565456 4025682.9718609084 47.0914 0.0 0.0 0.0 0.0
1611574655.5515022 353051.94713600597 4025685.363611789 47.1747 0.0 0.0 0.0 0.0
1611574656.5513458 353056.35654285713 4025688.035465604 47.1831 0.0 0.0 0.0 0.0
1611574657.5511932 353061.04011655657 4025690.8744869702 47.1684 0.0 0.0 0.0 0.0
1611574658.551833 353065.9074082358 4025693.901074103 47.1578 0.0 0.0 0.0 0.0
1611574659.5515575 353070.8476251187 4025696.97673249 47.1627 0.0 0.0 0.0 0.0
1611574660.5508428 353075.7225783156 4025700.0498010223 47.1942 0.0 0.0 0.0 0.0
1611574661.5515206 353080.4904727257 4025703.0901023317 47.1865 0.0 0.0 0.0 0.0
1611574662.551646 353084.84539444116 4025705.86664748 47.1811 0.0 0.0 0.0 0.0
1611574663.551641 353088.3003319724 4025708.7155982945 47.2212 0.0 0.0 0.0 0.0
1611574664.5513093 353090.4043938231 4025711.827322137 47.5557 0.0 0.0 0.0 0.0
1611574665.5522628 353090.4255211003 4025715.473889539 47.5493 0.0 0.0 0.0 0.0
1611574666.5513039 353088.7299852802 4025717.6405918836 46.5949 0.0 0.0 0.0 0.0
1611574667.550842 353085.97350413515 4025719.843218722 46.6402 0.0 0.0 0.0 0.0
1611574668.549728 353081.6302270319 4025721.3091087104 49.8746 0.0 0.0 0.0 0.0
1611574669.5504177 353078.08675617864 4025722.2903879993 50.0007 0.0 0.0 0.0 0.0
1611574670.5506144 353074.44402831537 4025723.0547467377 49.9677 0.0 0.0 0.0 0.0
1611574671.5502102 353070.59954405064 4025723.5822841953 50.0218 0.0 0.0 0.0 0.0
1611574672.5527422 353066.603901437 4025723.4783953708 50.0387 0.0 0.0 0.0 0.0
1611574673.5504928 353062.6136850085 4025722.477064306 50.0562 0.0 0.0 0.0 0.0
1611574674.5509357 353058.7322163873 4025720.8761497135 50.1627 0.0 0.0 0.0 0.0
1611574675.5508757 353057.3663557839 4025718.9932664437 42.7403 0.0 0.0 0.0 0.0
1611574676.5503774 353053.67214058107 4025716.8356394223 42.6471 0.0 0.0 0.0 0.0
1611574677.5503705 353050.5814263463 4025714.410707968 41.0932 0.0 0.0 0.0 0.0
1611574678.5507529 353046.6241404988 4025712.167291219 41.3205 0.0 0.0 0.0 0.0
1611574679.5502405 353042.6740841191 4025709.874003448 41.7028 0.0 0.0 0.0 0.0
1611574680.5510447 353038.94851432834 4025707.508481235 42.0216 0.0 0.0 0.0 0.0
1611574681.5507562 353035.3753183227 4025705.3079366945 42.1733 0.0 0.0 0.0 0.0
1611574682.5508938 353032.09169432893 4025702.974501303 42.2611 0.0 0.0 0.0 0.0
1611574683.5506675 353029.5430137699 4025700.1157520483 42.5144 0.0 0.0 0.0 0.0
1611574684.5513384 353028.4643396443 4025696.424975935 42.5301 0.0 0.0 0.0 0.0
1611574685.5504425 353028.7282606438 4025692.7153161056 43.8236 0.0 0.0 0.0 0.0
1611574686.5500576 353029.8906666866 4025689.4799689115 44.3202 0.0 0.0 0.0 0.0
1611574687.5498214 353029.9976321569 4025687.9020553944 48.0537 0.0 0.0 0.0 0.0
1611574688.5508134 353031.1869082905 4025685.8983550714 48.21 0.0 0.0 0.0 0.0
1611574689.55129 353032.00265068386 4025684.4746878897 48.2729 0.0 0.0 0.0 0.0
1611574690.5504234 353032.9884262522 4025683.119341239 48.2906 0.0 0.0 0.0 0.0
1611574691.5505729 353034.54685362935 4025681.679566462 48.1926 0.0 0.0 0.0 0.0
1611574692.551382 353036.8416703682 4025680.5757410927 48.1251 0.0 0.0 0.0 0.0
1611574693.5505428 353039.8199968386 4025680.332526026 48.1496 0.0 0.0 0.0 0.0
1611574694.549959 353043.25733503205 4025681.242242409 48.0729 0.0 0.0 0.0 0.0
1611574695.5513873 353046.7953023799 4025682.987868812 47.8623 0.0 0.0 0.0 0.0
1611574696.5508864 353050.75881847844 4025685.2539287447 47.6198 0.0 0.0 0.0 0.0
1611574697.5560634 353055.24435057444 4025687.6163732875 47.4963 0.0 0.0 0.0 0.0
1611574698.5550277 353059.9473715703 4025690.314321391 47.312 0.0 0.0 0.0 0.0
1611574699.5510263 353064.8351705696 4025693.2358815274 47.1851 0.0 0.0 0.0 0.0
1611574700.5516908 353069.9266729315 4025696.3239550972 46.9676 0.0 0.0 0.0 0.0
1611574701.55101 353075.14603129716 4025699.507329896 46.9313 0.0 0.0 0.0 0.0
1611574702.5502825 353080.5427975616 4025702.8149422477 46.9503 0.0 0.0 0.0 0.0
1611574703.5511527 353086.05467998015 4025706.2428548825 47.0414 0.0 0.0 0.0 0.0
1611574704.5506418 353091.75480448373 4025709.763566314 46.9779 0.0 0.0 0.0 0.0
1611574705.5497973 353097.9598235781 4025712.8120668377 47.0072 0.0 0.0 0.0 0.0
1611574706.5502124 353103.7421125507 4025716.5302086454 46.8183 0.0 0.0 0.0 0.0
1611574707.5503693 353109.2195509743 4025720.2568499222 46.7495 0.0 0.0 0.0 0.0
1611574708.5508044 353114.3701493596 4025723.8771422287 46.8709 0.0 0.0 0.0 0.0
1611574709.549116 353118.01427472936 4025728.587695427 46.4906 0.0 0.0 0.0 0.0
1611574710.549718 353121.8770107912 4025732.3498474746 46.5906 0.0 0.0 0.0 0.0
1611574711.5496886 353125.1442880568 4025736.0068717618 46.6827 0.0 0.0 0.0 0.0
1611574712.5504122 353127.983418031 4025739.651918587 46.6277 0.0 0.0 0.0 0.0
1611574713.549619 353130.33262280945 4025743.4260376203 46.6633 0.0 0.0 0.0 0.0
1611574714.550496 353132.4629904377 4025746.617405978 47.0184 0.0 0.0 0.0 0.0
1611574715.5502276 353132.461457352 4025750.6666115983 47.4175 0.0 0.0 0.0 0.0
1611574716.5505426 353131.2543585872 4025754.408525115 47.6119 0.0 0.0 0.0 0.0
1611574717.550072 353128.7818419173 4025757.3387074564 47.7918 0.0 0.0 0.0 0.0
1611574718.5497608 353125.3239796666 4025759.6462353794 47.9637 0.0 0.0 0.0 0.0
1611574719.552003 353121.535702607 4025761.115276736 48.0612 0.0 0.0 0.0 0.0
1611574720.5495253 353117.48484721815 4025762.3947629645 47.4919 0.0 0.0 0.0 0.0
1611574721.5501316 353112.1739889801 4025764.2587631396 45.8298 0.0 0.0 0.0 0.0
1611574722.5505424 353107.70245161833 4025764.722010068 45.5788 0.0 0.0 0.0 0.0
1611574723.555666 353103.2327625839 4025765.53255424 45.8734 0.0 0.0 0.0 0.0
1611574724.5536401 353098.93683574314 4025766.243244398 45.8717 0.0 0.0 0.0 0.0
1611574725.5500286 353094.9616305833 4025767.299710372 45.8472 0.0 0.0 0.0 0.0
1611574726.5502892 353091.6511207102 4025768.981120907 46.0431 0.0 0.0 0.0 0.0
1611574727.5499926 353089.29200228234 4025771.540798272 46.1815 0.0 0.0 0.0 0.0
1611574728.5494142 353088.1744641034 4025774.996940656 46.3581 0.0 0.0 0.0 0.0
1611574729.5504642 353088.1799110548 4025778.8830928 46.5715 0.0 0.0 0.0 0.0
1611574730.5502503 353088.82548905275 4025782.9511062475 46.8983 0.0 0.0 0.0 0.0
1611574731.5508235 353089.7510633618 4025786.9919951023 47.0457 0.0 0.0 0.0 0.0
1611574732.550222 353090.68611786986 4025790.921571528 47.402 0.0 0.0 0.0 0.0
1611574733.5507262 353091.5629549741 4025794.716940264 47.726 0.0 0.0 0.0 0.0
1611574734.5501013 353092.13645018986 4025798.4593784055 47.9249 0.0 0.0 0.0 0.0
1611574735.5503645 353091.90399670985 4025802.06770747 48.1262 0.0 0.0 0.0 0.0
1611574736.5496643 353090.66417217837 4025805.3158254805 48.2316 0.0 0.0 0.0 0.0
1611574737.5501075 353088.5515610817 4025807.77811288 48.2045 0.0 0.0 0.0 0.0
1611574738.550586 353085.9107538967 4025809.3555166544 48.2152 0.0 0.0 0.0 0.0
1611574739.5500548 353083.4293110257 4025810.3367318856 48.3503 0.0 0.0 0.0 0.0
1611574740.549989 353081.6487159097 4025810.9080655645 48.4847 0.0 0.0 0.0 0.0
1611574741.5502708 353080.01169622224 4025811.3989189384 48.5439 0.0 0.0 0.0 0.0
1611574742.549788 353077.8992583598 4025812.062433185 48.4887 0.0 0.0 0.0 0.0
1611574743.5490654 353075.20799066825 4025812.868921207 48.4498 0.0 0.0 0.0 0.0
1611574744.5497315 353072.005130111 4025813.664109354 48.5525 0.0 0.0 0.0 0.0
1611574745.550032 353068.3001671387 4025814.3107932014 48.8014 0.0 0.0 0.0 0.0
1611574746.54984 353063.97068821936 4025814.973060496 48.7722 0.0 0.0 0.0 0.0
1611574747.5495827 353059.30812311976 4025815.5129956556 48.7193 0.0 0.0 0.0 0.0
1611574748.5494328 353054.47002278117 4025815.8010556945 48.658 0.0 0.0 0.0 0.0
1611574749.5545058 353049.6383836651 4025815.826202296 48.627 0.0 0.0 0.0 0.0
1611574750.551786 353044.9156867 4025815.5103154774 48.6288 0.0 0.0 0.0 0.0
1611574751.5487545 353040.2602436616 4025814.7766100643 48.7743 0.0 0.0 0.0 0.0
1611574752.5494897 353035.68752339645 4025813.558243466 49.0699 0.0 0.0 0.0 0.0
1611574753.5499115 353031.1739679489 4025812.089015403 49.2429 0.0 0.0 0.0 0.0
1611574754.5490367 353025.2280717088 4025811.2286911397 47.7228 0.0 0.0 0.0 0.0
1611574755.5486135 353021.20617685386 4025809.248265053 47.4198 0.0 0.0 0.0 0.0
1611574756.5496695 353017.12901111913 4025807.430974773 47.6934 0.0 0.0 0.0 0.0
1611574757.5499487 353013.3543512497 4025805.5909859766 47.8366 0.0 0.0 0.0 0.0
1611574758.5489445 353010.12961509323 4025803.3765905257 47.8498 0.0 0.0 0.0 0.0
1611574759.5491366 353007.66406946804 4025800.594300074 47.8084 0.0 0.0 0.0 0.0
1611574760.548961 353006.67429028975 4025796.9856135678 47.7892 0.0 0.0 0.0 0.0
1611574761.5494516 353008.5199931917 4025791.9103076747 48.4886 0.0 0.0 0.0 0.0
1611574762.5490565 353010.07490632153 4025788.8978156685 48.6834 0.0 0.0 0.0 0.0
1611574763.5495026 353012.4562873079 4025786.6469655554 48.7439 0.0 0.0 0.0 0.0
1611574764.5495071 353015.3723735621 4025784.99385163 48.9031 0.0 0.0 0.0 0.0
1611574765.549592 353018.6172049402 4025783.7007993245 49.0144 0.0 0.0 0.0 0.0
1611574766.549081 353022.24015728664 4025783.6066212007 49.8822 0.0 0.0 0.0 0.0
1611574767.5490892 353025.8986332975 4025782.0879518567 49.5158 0.0 0.0 0.0 0.0
1611574768.5487857 353029.57653087156 4025781.308734096 49.3611 0.0 0.0 0.0 0.0
1611574769.5487497 353033.1652012727 4025781.1951679084 49.0958 0.0 0.0 0.0 0.0
1611574770.548728 353036.6247765258 4025782.0865631774 48.878 0.0 0.0 0.0 0.0
1611574771.5488455 353039.45894773304 4025784.238052064 48.7333 0.0 0.0 0.0 0.0
1611574772.5493715 353041.45994790795 4025787.234811829 48.5448 0.0 0.0 0.0 0.0
1611574773.5484543 353042.7564253014 4025790.6012017145 48.3962 0.0 0.0 0.0 0.0
1611574774.5490263 353043.38210737775 4025793.82102337 48.1077 0.0 0.0 0.0 0.0
1611574775.552611 353043.4061586913 4025797.2241551084 48.4016 0.0 0.0 0.0 0.0
1611574776.5508614 353043.2609513065 4025800.3486709297 48.378 0.0 0.0 0.0 0.0
1611574777.5485616 353042.5471680244 4025803.2858617986 48.54 0.0 0.0 0.0 0.0
1611574778.548627 353040.97880233463 4025805.673092344 48.6752 0.0 0.0 0.0 0.0
1611574779.5488942 353038.55374327116 4025807.0859504496 48.7663 0.0 0.0 0.0 0.0
1611574780.5493708 353035.645730254 4025807.283219093 48.7715 0.0 0.0 0.0 0.0
1611574781.5487158 353032.74396240944 4025806.5256975624 48.7395 0.0 0.0 0.0 0.0
1611574782.548836 353029.52860103105 4025806.151522276 49.372 0.0 0.0 0.0 0.0
1611574783.5494924 353026.5857288826 4025804.9371462846 49.4086 0.0 0.0 0.0 0.0
1611574784.5484693 353023.5905149927 4025803.714596624 49.4728 0.0 0.0 0.0 0.0
1611574785.548088 353020.6875213176 4025802.540973902 49.6123 0.0 0.0 0.0 0.0
1611574786.548563 353017.869103104 4025801.3888508994 49.608 0.0 0.0 0.0 0.0
1611574787.5489728 353014.2324745511 4025800.6850411724 48.0642 0.0 0.0 0.0 0.0
1611574788.5486236 353013.8901343938 4025797.81236561 49.596 0.0 0.0 0.0 0.0
1611574789.5480354 353013.7045098607 4025794.3023014017 48.7585 0.0 0.0 0.0 0.0
1611574790.5487764 353014.0941774411 4025792.0016366346 48.2892 0.0 0.0 0.0 0.0
1611574791.5492988 353016.20467558736 4025789.42451542 44.7403 0.0 0.0 0.0 0.0
1611574792.5476897 353018.0169510022 4025788.11932473 44.8009 0.0 0.0 0.0 0.0
1611574793.5481534 353020.2765478728 4025787.1984462687 44.915 0.0 0.0 0.0 0.0
1611574794.5478113 353022.8721245051 4025786.455705678 44.9652 0.0 0.0 0.0 0.0
1611574795.548838 353025.7531070366 4025785.6343327686 44.8623 0.0 0.0 0.0 0.0
1611574796.5478 353028.73141592526 4025784.79244597 44.729 0.0 0.0 0.0 0.0
1611574797.5483947 353030.69174843945 4025784.8881086563 48.2296 0.0 0.0 0.0 0.0
1611574798.5487401 353033.5522895076 4025784.784116153 48.443 0.0 0.0 0.0 0.0
1611574799.5490863 353036.38792025216 4025785.5398006765 48.3461 0.0 0.0 0.0 0.0
1611574800.5477595 353038.7841430136 4025787.4098320166 48.2847 0.0 0.0 0.0 0.0
1611574801.5525198 353040.4335472805 4025790.0572746405 48.2542 0.0 0.0 0.0 0.0
1611574802.5496058 353041.40389403864 4025793.076504792 48.2451 0.0 0.0 0.0 0.0
1611574803.54793 353042.10314218095 4025796.1624734844 48.1261 0.0 0.0 0.0 0.0
1611574804.5481706 353042.7404810345 4025799.2317373077 47.898 0.0 0.0 0.0 0.0
1611574805.5504236 353043.42718332855 4025802.204177763 47.6372 0.0 0.0 0.0 0.0
1611574806.5487497 353044.1040556631 4025805.082093197 47.2886 0.0 0.0 0.0 0.0
1611574807.5486069 353044.6835178891 4025807.922637069 47.1456 0.0 0.0 0.0 0.0
1611574808.5481784 353045.1459865585 4025810.5147494976 47.1446 0.0 0.0 0.0 0.0
1611574809.548128 353045.414399493 4025812.4861486354 47.261 0.0 0.0 0.0 0.0
1611574810.5486605 353044.9171766088 4025814.821925567 48.2954 0.0 0.0 0.0 0.0
1611574811.5476766 353044.7856253581 4025814.9763658335 48.6096 0.0 0.0 0.0 0.0
1611574812.5483322 353044.7302159303 4025815.025391052 48.7484 0.0 0.0 0.0 0.0
