1611568027.6774006 353023.6884670021 4025786.805647803 48.832 0.0 0.0 0.0 0.0
1611568028.6768649 353023.69148903847 4025786.807446 48.8413 0.0 0.0 0.0 0.0
1611568029.6769164 353023.6925984865 4025786.811126083 48.841 0.0 0.0 0.0 0.0
1611568030.676434 353023.7030313695 4025786.8089147573 48.8294 0.0 0.0 0.0 0.0
1611568031.6765344 353023.914716582 4025786.7315318054 48.8419 0.0 0.0 0.0 0.0
1611568032.67641 353024.3734826583 4025786.5735764117 48.8216 0.0 0.0 0.0 0.0
1611568033.6771655 353025.09739068686 4025786.3504626406 48.8377 0.0 0.0 0.0 0.0
1611568034.6767168 353026.0183892403 4025786.0537274885 48.8317 0.0 0.0 0.0 0.0
1611568035.6768901 353027.11491703364 4025785.708519278 48.8079 0.0 0.0 0.0 0.0
1611568036.6770434 353028.3502010639 4025785.342648584 48.7583 0.0 0.0 0.0 0.0
1611568037.6763318 353029.78200559533 4025784.9312779987 48.8572 0.0 0.0 0.0 0.0
1611568038.676978 353031.29306251864 4025784.483239222 48.8004 0.0 0.0 0.0 0.0
1611568039.6768746 353032.853379203 4025784.1262829546 48.7975 0.0 0.0 0.0 0.0
1611568040.677382 353034.41704529105 4025783.887449922 48.8241 0.0 0.0 0.0 0.0
1611568041.6786692 353035.8973856908 4025783.9566686978 48.7783 0.0 0.0 0.0 0.0
1611568042.6768467 353037.3454430833 4025784.4949004026 48.8366 0.0 0.0 0.0 0.0
1611568043.6764665 353038.59849932813 4025785.3887589164 48.791 0.0 0.0 0.0 0.0
1611568044.676806 353039.57843902503 4025786.6449321606 48.808 0.0 0.0 0.0 0.0
1611568045.6766148 353040.3068697201 4025788.117502071 48.7867 0.0 0.0 0.0 0.0
1611568046.6767273 353040.84142091416 4025789.7736808527 48.7273 0.0 0.0 0.0 0.0
1611568047.6790783 353041.21827605413 4025791.577345507 48.6688 0.0 0.0 0.0 0.0
1611568048.679933 353041.505168992 4025793.509407812 48.6885 0.0 0.0 0.0 0.0
1611568049.6762977 353041.7798571809 4025795.4803305482 48.6471 0.0 0.0 0.0 0.0
1611568050.6763003 353042.0869662941 4025797.5108106043 48.6898 0.0 0.0 0.0 0.0
1611568051.6769822 353042.37677026575 4025799.429322601 48.689 0.0 0.0 0.0 0.0
1611568052.6763906 353042.6705871209 4025801.1787269926 48.6572 0.0 0.0 0.0 0.0
1611568053.676634 353042.9247018125 4025802.8625943684 48.6162 0.0 0.0 0.0 0.0
1611568054.6755896 353043.19014595245 4025804.597129467 48.6433 0.0 0.0 0.0 0.0
1611568055.6761196 353043.4621434496 4025806.32119654 48.6061 0.0 0.0 0.0 0.0
1611568056.6760113 353043.8677864998 4025808.0143309752 48.6152 0.0 0.0 0.0 0.0
1611568057.6757295 353044.4752013804 4025809.601214712 48.7056 0.0 0.0 0.0 0.0
1611568058.6763513 353045.40359046735 4025810.9577629375 48.9951 0.0 0.0 0.0 0.0
1611568059.6744611 353046.06153768 4025813.1518884976 46.5692 0.0 0.0 0.0 0.0
1611568060.6748624 353047.41313839145 4025813.9915527767 46.6163 0.0 0.0 0.0 0.0
1611568061.6747751 353048.9438158557 4025814.4627298177 46.6629 0.0 0.0 0.0 0.0
1611568062.6743445 353050.4620669167 4025814.6774144135 46.4526 0.0 0.0 0.0 0.0
1611568063.674334 353052.11563978076 4025814.5718846256 46.2554 0.0 0.0 0.0 0.0
1611568064.6759567 353054.50885090034 4025813.1862023533 48.507 0.0 0.0 0.0 0.0
1611568065.6760545 353056.638029721 4025812.6808961676 48.5292 0.0 0.0 0.0 0.0
1611568066.6766505 353058.82462993584 4025812.148169826 48.5196 0.0 0.0 0.0 0.0
1611568067.6770759 353060.9501624363 4025811.595395733 48.5251 0.0 0.0 0.0 0.0
1611568068.6763155 353063.1089022843 4025811.0250442326 48.5606 0.0 0.0 0.0 0.0
1611568069.6771667 353065.2336537356 4025810.5055745235 48.5009 0.0 0.0 0.0 0.0
1611568070.676633 353067.3450574564 4025809.9663576074 48.5171 0.0 0.0 0.0 0.0
1611568071.6768184 353068.8833040165 4025809.569463867 48.5426 0.0 0.0 0.0 0.0
1611568072.6759412 353070.01210112125 4025809.310268081 48.5195 0.0 0.0 0.0 0.0
1611568073.6813884 353071.67982511595 4025808.9100700514 48.5175 0.0 0.0 0.0 0.0
1611568074.682396 353073.8986691288 4025808.4263661588 48.5127 0.0 0.0 0.0 0.0
1611568075.6780593 353076.4688115019 4025807.9392965 48.5117 0.0 0.0 0.0 0.0
1611568076.6768465 353079.1075800216 4025807.565175154 48.4734 0.0 0.0 0.0 0.0
1611568077.6769168 353081.6431097323 4025807.2068605716 48.4364 0.0 0.0 0.0 0.0
1611568078.6774895 353083.52176292473 4025806.852284421 48.4323 0.0 0.0 0.0 0.0
1611568079.6770968 353084.9616212221 4025806.492570892 48.4115 0.0 0.0 0.0 0.0
1611568080.6766567 353086.3608527924 4025805.9774529105 48.4012 0.0 0.0 0.0 0.0
1611568081.6773853 353087.6753836287 4025805.195231164 48.3826 0.0 0.0 0.0 0.0
1611568082.677069 353088.8083450994 4025804.0963179898 48.3893 0.0 0.0 0.0 0.0
1611568083.677479 353089.68046069925 4025802.6630078633 48.3898 0.0 0.0 0.0 0.0
1611568084.6772695 353090.16744602367 4025800.896112885 48.3763 0.0 0.0 0.0 0.0
1611568085.677414 353090.2726233145 4025798.77985636 48.3808 0.0 0.0 0.0 0.0
1611568086.6779025 353090.03650893504 4025796.4278473314 48.3327 0.0 0.0 0.0 0.0
1611568087.6765215 353089.63702905405 4025793.897731598 48.3778 0.0 0.0 0.0 0.0
1611568088.676632 353089.19526474073 4025791.2114994945 48.3472 0.0 0.0 0.0 0.0
1611568089.6768568 353088.7096441443 4025788.444080307 48.4288 0.0 0.0 0.0 0.0
1611568090.6780639 353088.1079428398 4025785.632022808 48.3321 0.0 0.0 0.0 0.0
1611568091.676633 353087.50325374503 4025782.881972491 48.2964 0.0 0.0 0.0 0.0
1611568092.677769 353086.9131556505 4025780.2161946297 48.2824 0.0 0.0 0.0 0.0
1611568093.6766315 353086.50727347366 4025777.6349578523 48.3008 0.0 0.0 0.0 0.0
1611568094.6772184 353086.54284676636 4025775.13630578 48.2947 0.0 0.0 0.0 0.0
1611568095.6755447 353087.22481033235 4025772.8181142 48.2518 0.0 0.0 0.0 0.0
1611568096.6763575 353088.7202823397 4025770.9298150605 48.2288 0.0 0.0 0.0 0.0
1611568097.676889 353090.932954128 4025769.5078109503 48.1929 0.0 0.0 0.0 0.0
1611568098.6756313 353093.5621955876 4025768.456218498 48.2067 0.0 0.0 0.0 0.0
1611568099.6805444 353096.46284454316 4025767.576648628 48.2097 0.0 0.0 0.0 0.0
1611568100.6803188 353099.57396122615 4025766.7948620287 48.2163 0.0 0.0 0.0 0.0
1611568101.6765718 353102.85380947776 4025765.9517740733 48.1915 0.0 0.0 0.0 0.0
1611568102.676098 353106.23771263345 4025765.1409535613 48.196 0.0 0.0 0.0 0.0
1611568103.6755164 353109.54701885907 4025764.3767102025 48.1654 0.0 0.0 0.0 0.0
1611568104.6762295 353112.80863455625 4025763.5609370596 48.1767 0.0 0.0 0.0 0.0
1611568105.6766264 353115.9948948084 4025762.8087686887 48.1312 0.0 0.0 0.0 0.0
1611568106.6777754 353119.1535578837 4025762.0962775126 48.0842 0.0 0.0 0.0 0.0
1611568107.6768773 353122.0967795565 4025761.2572376085 48.1041 0.0 0.0 0.0 0.0
1611568108.6768227 353124.6102853782 4025760.4105006754 48.0532 0.0 0.0 0.0 0.0
1611568109.6770341 353126.56882174156 4025759.4644220266 48.0199 0.0 0.0 0.0 0.0
1611568110.6764352 353127.9754912897 4025758.513825346 47.9684 0.0 0.0 0.0 0.0
1611568111.6766841 353128.8271646509 4025757.7359404326 47.9007 0.0 0.0 0.0 0.0
1611568112.677381 353129.61029719404 4025756.8500997573 47.8791 0.0 0.0 0.0 0.0
1611568113.6754658 353130.52012215846 4025755.505298707 47.9242 0.0 0.0 0.0 0.0
1611568114.6756778 353131.4476926114 4025753.6188638513 47.9506 0.0 0.0 0.0 0.0
1611568115.6759207 353132.2501686284 4025751.2529529575 47.9888 0.0 0.0 0.0 0.0
1611568116.6763442 353132.953350659 4025748.65902348 48.0223 0.0 0.0 0.0 0.0
1611568117.6754725 353133.62793445674 4025746.063359383 47.9922 0.0 0.0 0.0 0.0
1611568118.6760523 353134.30656498275 4025743.494628721 48.0979 0.0 0.0 0.0 0.0
1611568119.6763394 353134.9615296311 4025741.0298682195 48.066 0.0 0.0 0.0 0.0
1611568120.67642 353135.44689074927 4025738.6279039527 48.1232 0.0 0.0 0.0 0.0
1611568121.6755602 353135.6124603345 4025736.270382184 48.1139 0.0 0.0 0.0 0.0
1611568122.6755304 353135.40410936263 4025733.8259846726 48.1542 0.0 0.0 0.0 0.0
1611568123.6761832 353134.7186579448 4025731.42000297 48.1907 0.0 0.0 0.0 0.0
1611568124.6811862 353133.4785002329 4025729.053937225 48.2143 0.0 0.0 0.0 0.0
1611568125.6806529 353131.77696232573 4025726.674236667 48.1802 0.0 0.0 0.0 0.0
1611568126.6794858 353129.68213690113 4025724.2653219346 48.2283 0.0 0.0 0.0 0.0
1611568127.6773958 353127.2343929629 4025721.8703410723 48.2855 0.0 0.0 0.0 0.0
1611568128.675209 353124.47150650725 4025719.520649613 48.3025 0.0 0.0 0.0 0.0
1611568129.6749108 353121.4648006563 4025717.1970994733 48.2904 0.0 0.0 0.0 0.0
1611568130.6758296 353118.20741229143 4025714.900731936 48.3042 0.0 0.0 0.0 0.0
1611568131.6766932 353114.7885713533 4025712.548104486 48.2471 0.0 0.0 0.0 0.0
1611568132.6754541 353111.27694151306 4025710.1926122573 48.2552 0.0 0.0 0.0 0.0
1611568133.6751952 353107.71250901185 4025707.845968933 48.2655 0.0 0.0 0.0 0.0
1611568134.6755693 353104.08689895493 4025705.499439182 48.3048 0.0 0.0 0.0 0.0
1611568135.6760018 353100.40331907687 4025703.236378779 48.2237 0.0 0.0 0.0 0.0
1611568136.6747713 353096.7600029956 4025700.9750416656 48.2394 0.0 0.0 0.0 0.0
1611568137.6756146 353093.1844164644 4025698.756204908 48.2572 0.0 0.0 0.0 0.0
1611568138.6758804 353089.61436001584 4025696.590170002 48.2767 0.0 0.0 0.0 0.0
1611568139.676046 353086.0778420523 4025694.4614816383 48.2456 0.0 0.0 0.0 0.0
1611568140.675671 353082.58029962284 4025692.3467445774 48.2486 0.0 0.0 0.0 0.0
1611568141.6756153 353079.0889132037 4025690.1893672007 48.243 0.0 0.0 0.0 0.0
1611568142.6759336 353075.6056797275 4025688.080678354 48.2636 0.0 0.0 0.0 0.0
1611568143.6763601 353072.1485627297 4025685.9950360684 48.27 0.0 0.0 0.0 0.0
1611568144.6755493 353068.71255346417 4025683.84874525 48.2657 0.0 0.0 0.0 0.0
1611568145.6750011 353065.30051150615 4025681.669314164 48.2883 0.0 0.0 0.0 0.0
1611568146.6753001 353061.932069417 4025679.573664911 48.265 0.0 0.0 0.0 0.0
1611568147.6748776 353058.5849553156 4025677.5274054375 48.2816 0.0 0.0 0.0 0.0
1611568148.6750329 353055.295797411 4025675.51179011 48.2705 0.0 0.0 0.0 0.0
1611568149.6750906 353052.00335976 4025673.488094001 48.2522 0.0 0.0 0.0 0.0
1611568150.6802511 353048.71809356334 4025671.41989073 48.2776 0.0 0.0 0.0 0.0
1611568151.6797554 353045.44786115276 4025669.241576525 48.2959 0.0 0.0 0.0 0.0
1611568152.678619 353042.15949465334 4025667.052474277 48.3582 0.0 0.0 0.0 0.0
1611568153.67518 353038.82149903907 4025664.8917715163 48.3401 0.0 0.0 0.0 0.0
1611568154.6754887 353035.4216997253 4025662.703081637 48.3571 0.0 0.0 0.0 0.0
1611568155.6750374 353031.94305770006 4025660.504818231 48.3613 0.0 0.0 0.0 0.0
1611568156.674729 353028.3990393317 4025658.314877626 48.344 0.0 0.0 0.0 0.0
1611568157.6754582 353024.8260836531 4025656.0945433276 48.342 0.0 0.0 0.0 0.0
1611568158.675969 353021.29992394126 4025653.837722484 48.3618 0.0 0.0 0.0 0.0
1611568159.6752434 353017.90720014577 4025651.678695208 48.3636 0.0 0.0 0.0 0.0
1611568160.6751037 353014.70902655134 4025649.648975183 48.3723 0.0 0.0 0.0 0.0
1611568161.675065 353011.9570038355 4025647.90778638 48.3676 0.0 0.0 0.0 0.0
1611568162.6747603 353009.5741573961 4025646.3880042927 48.3692 0.0 0.0 0.0 0.0
1611568163.6747506 353007.4600928476 4025645.0086609973 48.3721 0.0 0.0 0.0 0.0
1611568164.6750846 353005.5695487722 4025643.9497354785 48.3556 0.0 0.0 0.0 0.0
1611568165.674938 353003.967445911 4025643.4054282457 48.3259 0.0 0.0 0.0 0.0
1611568166.675094 353002.4795062422 4025643.295284904 48.3028 0.0 0.0 0.0 0.0
1611568167.6751013 353000.9521959429 4025643.447876384 48.2934 0.0 0.0 0.0 0.0
1611568168.6749344 352999.38634535286 4025643.8768745475 48.2598 0.0 0.0 0.0 0.0
1611568169.6755693 352997.8074601599 4025644.472174537 48.2419 0.0 0.0 0.0 0.0
1611568170.6747737 352996.41759101604 4025645.2760306834 48.2194 0.0 0.0 0.0 0.0
1611568171.675807 352995.4203825667 4025646.265939469 48.1615 0.0 0.0 0.0 0.0
1611568172.6747859 352994.80871910905 4025647.5515087866 48.1505 0.0 0.0 0.0 0.0
1611568173.6754172 352994.69946849026 4025649.206028839 48.1339 0.0 0.0 0.0 0.0
1611568174.6747205 352995.35964864935 4025650.9131535836 48.1447 0.0 0.0 0.0 0.0
1611568175.674783 352996.90999903093 4025652.4365101773 48.1846 0.0 0.0 0.0 0.0
1611568176.680449 352999.2312087935 4025653.8410039563 48.1765 0.0 0.0 0.0 0.0
1611568177.680677 353002.0744907174 4025655.3625910003 48.1925 0.0 0.0 0.0 0.0
1611568178.6780498 353005.246826767 4025657.1388154035 48.1717 0.0 0.0 0.0 0.0
1611568179.6748405 353008.66773720074 4025659.1076063705 48.1668 0.0 0.0 0.0 0.0
1611568180.6754503 353012.2666564636 4025661.2446385534 48.1627 0.0 0.0 0.0 0.0
1611568181.674307 353016.02528966934 4025663.538385962 48.1899 0.0 0.0 0.0 0.0
1611568182.674848 353019.8962499946 4025666.0259015905 48.1259 0.0 0.0 0.0 0.0
1611568183.6749275 353023.9051012129 4025668.6181634935 48.1425 0.0 0.0 0.0 0.0
1611568184.6755333 353028.11167192523 4025671.2179859933 48.1496 0.0 0.0 0.0 0.0
1611568185.6748865 353032.4629231974 4025673.8819371494 48.124 0.0 0.0 0.0 0.0
1611568186.674725 353036.9443360482 4025676.6270933435 48.1202 0.0 0.0 0.0 0.0
1611568187.6745608 353041.524616495 4025679.4515811135 48.0841 0.0 0.0 0.0 0.0
1611568188.676453 353046.18222301244 4025682.3376412713 48.0935 0.0 0.0 0.0 0.0
1611568189.6747253 353050.89249425754 4025685.3128789556 48.1057 0.0 0.0 0.0 0.0
1611568190.6744275 353055.6764687997 4025688.3565936172 48.1176 0.0 0.0 0.0 0.0
1611568191.6749425 353060.4854898041 4025691.395632397 48.1174 0.0 0.0 0.0 0.0
1611568192.6750836 353065.24221748544 4025694.323668673 48.1159 0.0 0.0 0.0 0.0
1611568193.6747289 353069.90217477985 4025697.172897004 48.0979 0.0 0.0 0.0 0.0
1611568194.6738565 353074.4121326617 4025699.9357121596 48.1359 0.0 0.0 0.0 0.0
1611568195.6748927 353078.6716787706 4025702.5564832482 48.1042 0.0 0.0 0.0 0.0
1611568196.6739855 353082.4638642248 4025705.022797387 48.0791 0.0 0.0 0.0 0.0
1611568197.6743314 353085.580296763 4025707.4916906743 48.0942 0.0 0.0 0.0 0.0
1611568198.6742275 353087.7494055281 4025710.152155766 48.0704 0.0 0.0 0.0 0.0
1611568199.6745195 353088.77667387895 4025713.0973723996 48.0742 0.0 0.0 0.0 0.0
1611568200.6757357 353088.4687475584 4025716.0831617145 48.0986 0.0 0.0 0.0 0.0
1611568201.6740932 353086.7992167612 4025718.777995764 48.033 0.0 0.0 0.0 0.0
1611568202.6763473 353084.1710582093 4025720.723779048 48.0497 0.0 0.0 0.0 0.0
1611568203.6766446 353080.9511703589 4025721.963673 48.1197 0.0 0.0 0.0 0.0
1611568204.6736517 353077.4385466231 4025722.9645886295 48.2053 0.0 0.0 0.0 0.0
1611568205.6715972 353073.8412913404 4025723.799565448 46.9442 0.0 0.0 0.0 0.0
1611568206.6711724 353070.12211903103 4025724.4573992006 46.9697 0.0 0.0 0.0 0.0
1611568207.6714761 353066.3787982302 4025724.4672275875 46.9327 0.0 0.0 0.0 0.0
1611568208.6715746 353063.01770299615 4025723.6244549174 48.5879 0.0 0.0 0.0 0.0
1611568209.6716664 353059.4146381557 4025721.990523417 48.6582 0.0 0.0 0.0 0.0
1611568210.6734889 353055.1240448465 4025718.7823488037 49.397 0.0 0.0 0.0 0.0
1611568211.672629 353051.1597882786 4025716.6392883896 48.945 0.0 0.0 0.0 0.0
1611568212.6728854 353048.1922680126 4025715.234273875 49.6082 0.0 0.0 0.0 0.0
1611568213.673369 353044.8032042578 4025712.962913796 49.7983 0.0 0.0 0.0 0.0
1611568214.6735766 353041.0460605047 4025710.7817612668 49.8328 0.0 0.0 0.0 0.0
1611568215.6731443 353037.1568277762 4025709.146957721 48.5747 0.0 0.0 0.0 0.0
1611568216.6737225 353033.5947147033 4025707.220684078 48.5908 0.0 0.0 0.0 0.0
1611568217.6739855 353030.21222115355 4025705.1872419496 48.5909 0.0 0.0 0.0 0.0
1611568218.6741056 353027.3914507874 4025702.583892521 48.5907 0.0 0.0 0.0 0.0
1611568219.6732259 353025.73493104195 4025699.279833392 48.5056 0.0 0.0 0.0 0.0
1611568220.6733701 353025.68820616475 4025695.66014613 48.3893 0.0 0.0 0.0 0.0
1611568221.6737905 353026.61504148116 4025692.5933941533 48.3093 0.0 0.0 0.0 0.0
1611568222.673679 353027.90398894553 4025690.0812542867 48.2624 0.0 0.0 0.0 0.0
1611568223.6739154 353029.08288958913 4025688.2155134594 48.1938 0.0 0.0 0.0 0.0
1611568224.6733282 353029.846078394 4025687.1328507313 48.1872 0.0 0.0 0.0 0.0
1611568225.6738224 353030.3731060103 4025686.4484951375 48.1458 0.0 0.0 0.0 0.0
1611568226.6738436 353030.43473277544 4025685.1165872873 48.4972 0.0 0.0 0.0 0.0
1611568227.6729603 353030.95157101436 4025684.66931882 48.672 0.0 0.0 0.0 0.0
1611568228.6775458 353031.4444673909 4025685.0241920976 48.1419 0.0 0.0 0.0 0.0
1611568229.6774106 353031.51515682274 4025684.9323704275 48.1145 0.0 0.0 0.0 0.0
1611568230.6748617 353031.5139081956 4025684.9381248904 48.0769 0.0 0.0 0.0 0.0
1611568231.6738389 353031.5179393895 4025684.9376866417 48.0827 0.0 0.0 0.0 0.0
1611568232.6736913 353031.5154903838 4025684.934399164 48.0985 0.0 0.0 0.0 0.0
1611568233.6738825 353031.51307996095 4025684.942207719 48.078 0.0 0.0 0.0 0.0
1611568234.673877 353031.509941886 4025684.933568529 48.0942 0.0 0.0 0.0 0.0
1611568235.6732867 353031.5146590093 4025684.938297103 48.1014 0.0 0.0 0.0 0.0
1611568236.6741753 353031.51373671554 4025684.936833185 48.0925 0.0 0.0 0.0 0.0
1611568237.6743472 353031.51792998356 4025684.9371319665 48.0876 0.0 0.0 0.0 0.0
1611568238.6738863 353031.51536279335 4025684.9356959416 48.0798 0.0 0.0 0.0 0.0
1611568239.673767 353031.5132326292 4025684.9423900764 48.0765 0.0 0.0 0.0 0.0
1611568240.6745505 353031.5644225965 4025684.8738322244 48.0703 0.0 0.0 0.0 0.0
1611568241.674773 353032.0776528846 4025684.249078 48.0897 0.0 0.0 0.0 0.0
1611568242.674074 353033.2127402732 4025683.010303883 48.0793 0.0 0.0 0.0 0.0
1611568243.6749413 353035.11513670196 4025681.646257087 48.0709 0.0 0.0 0.0 0.0
1611568244.6740875 353037.9631885362 4025680.84782683 48.1735 0.0 0.0 0.0 0.0
1611568245.6734617 353041.5189112647 4025681.24989605 48.0971 0.0 0.0 0.0 0.0
1611568246.6731799 353045.450333715 4025682.8845415083 48.1181 0.0 0.0 0.0 0.0
1611568247.6733322 353049.676209143 4025685.30927373 48.1458 0.0 0.0 0.0 0.0
1611568248.6738827 353054.3359010649 4025688.115776394 48.0969 0.0 0.0 0.0 0.0
1611568249.6734874 353059.3847099418 4025691.2173291314 48.1011 0.0 0.0 0.0 0.0
1611568250.6738048 353064.6921225531 4025694.476881853 48.0808 0.0 0.0 0.0 0.0
1611568251.6738074 353070.1105896268 4025697.8288767543 48.0937 0.0 0.0 0.0 0.0
1611568252.6735516 353075.6770518392 4025701.2377332347 48.1579 0.0 0.0 0.0 0.0
1611568253.6729734 353081.2133476508 4025704.5614750483 48.0481 0.0 0.0 0.0 0.0
1611568254.6782942 353086.74054436246 4025707.904608704 48.0635 0.0 0.0 0.0 0.0
1611568255.679908 353092.13617307006 4025711.242763013 48.0312 0.0 0.0 0.0 0.0
1611568256.6739426 353097.36674884096 4025714.4977188488 48.0583 0.0 0.0 0.0 0.0
1611568257.6733415 353102.46326782624 4025717.7155566323 48.0066 0.0 0.0 0.0 0.0
1611568258.672731 353107.4622798687 4025720.934679994 48.0063 0.0 0.0 0.0 0.0
1611568259.673127 353112.0996744047 4025724.2459342177 48.0025 0.0 0.0 0.0 0.0
1611568260.6720486 353116.26003733184 4025727.794052102 48.0168 0.0 0.0 0.0 0.0
1611568261.6725821 353119.97693524323 4025731.503191602 48.0117 0.0 0.0 0.0 0.0
1611568262.6725554 353123.1117914902 4025735.06924725 47.995 0.0 0.0 0.0 0.0
1611568263.673301 353125.92423813 4025738.6313355914 47.9308 0.0 0.0 0.0 0.0
1611568264.6725495 353128.52375340764 4025742.1533862683 48.0065 0.0 0.0 0.0 0.0
1611568265.6730208 353130.6068515247 4025745.838802835 48.0395 0.0 0.0 0.0 0.0
1611568266.6724727 353131.65636409883 4025749.656400975 48.0684 0.0 0.0 0.0 0.0
1611568267.6734486 353131.3435512472 4025753.396105781 48.0538 0.0 0.0 0.0 0.0
1611568268.6730502 353129.73704981455 4025757.0125525356 49.725 0.0 0.0 0.0 0.0
1611568269.6733088 353127.07317343005 4025759.0129321925 49.8352 0.0 0.0 0.0 0.0
1611568270.6725986 353123.67947081884 4025760.0047863815 48.1032 0.0 0.0 0.0 0.0
1611568271.6720018 353120.1295316594 4025760.9478751537 48.1159 0.0 0.0 0.0 0.0
1611568272.6723683 353116.3648697282 4025761.815633164 48.1075 0.0 0.0 0.0 0.0
1611568273.672762 353112.40974439395 4025762.645008369 48.1538 0.0 0.0 0.0 0.0
1611568274.6729312 353108.3162320561 4025763.446215064 48.1214 0.0 0.0 0.0 0.0
1611568275.6730623 353104.2061543114 4025764.2584312977 48.1716 0.0 0.0 0.0 0.0
1611568276.6731327 353100.2427121558 4025765.047080336 48.1605 0.0 0.0 0.0 0.0
1611568277.6720493 353096.54037714365 4025765.9030638966 48.1944 0.0 0.0 0.0 0.0
1611568278.673025 353093.1176253827 4025766.972174823 48.1991 0.0 0.0 0.0 0.0
1611568279.671656 353090.1680629938 4025768.5840315092 48.2571 0.0 0.0 0.0 0.0
1611568280.6763682 353087.93863174226 4025770.808610315 48.2314 0.0 0.0 0.0 0.0
1611568281.6762567 353086.8153447446 4025773.793241176 48.2655 0.0 0.0 0.0 0.0
1611568282.6737432 353086.72730554995 4025777.2557900525 48.2558 0.0 0.0 0.0 0.0
1611568283.6725833 353087.2425010378 4025781.0619124784 48.3141 0.0 0.0 0.0 0.0
1611568284.6728191 353087.9939520301 4025785.0929916645 48.3314 0.0 0.0 0.0 0.0
1611568285.6730134 353088.89910319797 4025789.199697103 48.367 0.0 0.0 0.0 0.0
1611568286.6728387 353089.911578891 4025793.1875132797 48.3514 0.0 0.0 0.0 0.0
1611568287.672413 353090.76357629406 4025796.7528618327 48.3905 0.0 0.0 0.0 0.0
1611568288.6726532 353091.3759137712 4025799.6453751135 48.4186 0.0 0.0 0.0 0.0
1611568289.6728423 353091.43820950727 4025802.235025531 48.4076 0.0 0.0 0.0 0.0
1611568290.6732802 353090.85713725607 4025804.257629455 48.4044 0.0 0.0 0.0 0.0
1611568291.6728876 353090.009201624 4025805.590844346 48.397 0.0 0.0 0.0 0.0
1611568292.672914 353089.485929359 4025806.134759823 48.4108 0.0 0.0 0.0 0.0
1611568293.6724188 353089.22530435445 4025806.378126465 48.347 0.0 0.0 0.0 0.0
1611568294.6725276 353088.6328074691 4025806.8619987406 48.3418 0.0 0.0 0.0 0.0
1611568295.6719897 353087.4294715241 4025807.621251701 48.3406 0.0 0.0 0.0 0.0
1611568296.6726162 353085.7112357036 4025808.509447488 48.3787 0.0 0.0 0.0 0.0
1611568297.6731994 353083.72073498054 4025809.3513992974 48.4129 0.0 0.0 0.0 0.0
1611568298.6724696 353081.7986902602 4025810.075675873 48.4155 0.0 0.0 0.0 0.0
1611568299.6727557 353079.9515479667 4025810.691969954 48.4519 0.0 0.0 0.0 0.0
1611568300.6727912 353078.07760569797 4025811.2537901746 48.4357 0.0 0.0 0.0 0.0
1611568301.6731005 353075.58065157407 4025811.9199398058 48.4661 0.0 0.0 0.0 0.0
1611568302.6721141 353072.4717623273 4025812.646769581 48.4789 0.0 0.0 0.0 0.0
1611568303.67239 353068.8178909234 4025813.3956012563 48.5173 0.0 0.0 0.0 0.0
1611568304.6732173 353064.7892925125 4025814.062754036 48.4774 0.0 0.0 0.0 0.0
1611568305.677729 353060.51463100687 4025814.614606339 48.4868 0.0 0.0 0.0 0.0
1611568306.6771677 353056.1254674256 4025814.9590446698 48.4788 0.0 0.0 0.0 0.0
1611568307.6772497 353051.6955708853 4025814.974234346 48.5602 0.0 0.0 0.0 0.0
1611568308.6731482 353047.18749174336 4025814.4540420994 48.4981 0.0 0.0 0.0 0.0
1611568309.6724927 353042.83562549367 4025813.390239654 48.5428 0.0 0.0 0.0 0.0
1611568310.6714513 353038.5743340795 4025811.943177292 48.5438 0.0 0.0 0.0 0.0
1611568311.6716697 353034.3899701232 4025810.41066253 48.6173 0.0 0.0 0.0 0.0
1611568312.6722686 353030.1936523012 4025808.887784624 48.6112 0.0 0.0 0.0 0.0
1611568313.6721294 353026.02702836203 4025807.3695835625 48.6468 0.0 0.0 0.0 0.0
1611568314.6716692 353022.0849049376 4025805.8682908886 48.6564 0.0 0.0 0.0 0.0
1611568315.6719341 353018.39232033154 4025804.3609183896 48.6739 0.0 0.0 0.0 0.0
1611568316.67281 353014.98159664916 4025802.7424237276 48.7103 0.0 0.0 0.0 0.0
1611568317.6717641 353012.1651852025 4025800.676825863 48.8121 0.0 0.0 0.0 0.0
1611568318.6710753 353010.30928838695 4025798.0782019724 48.7976 0.0 0.0 0.0 0.0
1611568319.6715524 353009.6199801287 4025795.252654012 48.8272 0.0 0.0 0.0 0.0
1611568320.670854 353010.11915856117 4025792.644602732 48.8469 0.0 0.0 0.0 0.0
1611568321.6711845 353012.32421868667 4025790.1663017366 51.0964 0.0 0.0 0.0 0.0
1611568322.6691105 353006.37800758594 4025792.136945908 24.7875 0.0 0.0 0.0 0.0
1611568323.6684847 353008.9232352512 4025791.0009374907 24.6993 0.0 0.0 0.0 0.0
1611568324.6693537 353011.7410976932 4025790.1092416346 24.6314 0.0 0.0 0.0 0.0
1611568325.6687822 353022.65656597837 4025785.757865572 49.0547 0.0 0.0 0.0 0.0
1611568326.6682646 353025.7548027501 4025784.9316985724 49.4418 0.0 0.0 0.0 0.0
1611568327.668609 353028.7193649049 4025784.1259242073 49.706 0.0 0.0 0.0 0.0
1611568328.668708 353031.5766731241 4025783.425538807 49.726 0.0 0.0 0.0 0.0
1611568329.6687553 353034.4386579537 4025783.1861425214 49.7196 0.0 0.0 0.0 0.0
1611568330.668324 353037.19508974254 4025783.8052015235 49.7353 0.0 0.0 0.0 0.0
1611568331.668402 353039.39200033364 4025785.511977578 49.7838 0.0 0.0 0.0 0.0
1611568332.6721063 353040.6758179188 4025788.0082315304 49.7223 0.0 0.0 0.0 0.0
1611568333.6699862 353041.26609987824 4025790.833981094 49.6506 0.0 0.0 0.0 0.0
1611568334.668859 353041.67684487277 4025793.7541378313 49.4364 0.0 0.0 0.0 0.0
1611568335.66886 353042.2416440622 4025797.891023532 49.5715 0.0 0.0 0.0 0.0
1611568336.6691628 353042.71000471205 4025801.1480975323 49.5276 0.0 0.0 0.0 0.0
1611568337.6711862 353043.1601992707 4025804.313007182 49.0344 0.0 0.0 0.0 0.0
1611568338.6689732 353044.04725592025 4025807.2102917153 49.7748 0.0 0.0 0.0 0.0
1611568339.6690388 353045.2648819891 4025809.8521105153 50.0684 0.0 0.0 0.0 0.0
1611568340.6688116 353041.83804774086 4025815.1160457875 34.4077 0.0 0.0 0.0 0.0
1611568341.6691778 353050.45755759673 4025812.708938198 54.0042 0.0 0.0 0.0 0.0
1611568342.6693597 353052.82780357456 4025813.550380486 53.0093 0.0 0.0 0.0 0.0
1611568343.6686606 353055.7139952705 4025813.442445964 52.8381 0.0 0.0 0.0 0.0
1611568344.6689541 353058.77142164763 4025812.8916253964 52.628 0.0 0.0 0.0 0.0
1611568345.6683166 353061.9445623054 4025812.072708442 52.3067 0.0 0.0 0.0 0.0
1611568346.668956 353065.002784105 4025811.1982232193 51.9212 0.0 0.0 0.0 0.0
1611568347.6687582 353067.75638877053 4025810.4248899394 51.555 0.0 0.0 0.0 0.0
1611568348.6694806 353069.80386254314 4025809.8732565306 51.3528 0.0 0.0 0.0 0.0
1611568349.6682513 353071.27780688833 4025809.539040006 51.1989 0.0 0.0 0.0 0.0
1611568350.668657 353073.15196548955 4025809.139966069 51.0158 0.0 0.0 0.0 0.0
1611568351.669286 353075.75986842636 4025808.6568796383 50.8691 0.0 0.0 0.0 0.0
1611568352.6686392 353078.7755266241 4025808.306699685 50.8332 0.0 0.0 0.0 0.0
1611568353.6683862 353081.7919926562 4025808.145335724 50.6728 0.0 0.0 0.0 0.0
1611568354.668742 353084.57193849864 4025808.0610355134 50.4184 0.0 0.0 0.0 0.0
1611568355.669055 353086.9115897989 4025807.5654849876 50.5279 0.0 0.0 0.0 0.0
1611568356.6689596 353088.9290391449 4025806.4867176977 50.4347 0.0 0.0 0.0 0.0
1611568357.6685305 353090.4224551429 4025804.565718115 50.2133 0.0 0.0 0.0 0.0
1611568358.6739094 353091.1138783928 4025801.9762372724 50.0597 0.0 0.0 0.0 0.0
1611568359.6711695 353090.97533416864 4025798.912201402 49.9749 0.0 0.0 0.0 0.0
1611568360.668376 353090.3669000452 4025795.62347027 49.9363 0.0 0.0 0.0 0.0
1611568361.6681986 353089.55866044364 4025792.186471444 49.9087 0.0 0.0 0.0 0.0
1611568362.668686 353088.6633491905 4025788.8543328056 49.8208 0.0 0.0 0.0 0.0
1611568363.6688383 353087.7144412724 4025785.6693941085 49.6646 0.0 0.0 0.0 0.0
1611568364.668623 353086.8864174087 4025782.7154367277 49.5239 0.0 0.0 0.0 0.0
1611568365.6709414 353085.53887003433 4025779.6354615185 49.2631 0.0 0.0 0.0 0.0
1611568366.6708255 353085.24795355764 4025778.3831385043 49.0245 0.0 0.0 0.0 0.0
1611568367.6713228 353085.23506328976 4025777.905089831 49.4908 0.0 0.0 0.0 0.0
1611568368.670963 353085.23752600705 4025778.103308882 50.3391 0.0 0.0 0.0 0.0
1611568369.6699836 353085.29717694584 4025778.277995225 50.4313 0.0 0.0 0.0 0.0
