1611639059.121216 353034.76380492444 4025807.4583368064 49.1686 0.0 0.0 0.0 0.0
1611639060.1215868 353034.7561557995 4025807.4482945534 49.2 0.0 0.0 0.0 0.0
1611639061.1218817 353034.73429568484 4025807.447000751 49.2085 0.0 0.0 0.0 0.0
1611639062.121779 353034.7265481545 4025807.448796635 49.2369 0.0 0.0 0.0 0.0
1611639063.1206083 353034.6125244818 4025807.410782144 49.2587 0.0 0.0 0.0 0.0
1611639064.1214159 353034.3600310419 4025807.3309139917 49.2916 0.0 0.0 0.0 0.0
1611639065.1215484 353033.92950221314 4025807.195807329 49.303 0.0 0.0 0.0 0.0
1611639066.1213195 353033.0047559932 4025806.900966766 49.2835 0.0 0.0 0.0 0.0
1611639067.120459 353031.46450847137 4025806.3948152084 49.3352 0.0 0.0 0.0 0.0
1611639068.1213932 353029.3025308754 4025805.7246195385 49.3847 0.0 0.0 0.0 0.0
1611639069.1214538 353026.615573865 4025804.941818606 49.452 0.0 0.0 0.0 0.0
1611639070.1218238 353023.6659849938 4025804.045847554 49.5367 0.0 0.0 0.0 0.0
1611639071.120791 353020.73354382603 4025803.1379351364 49.5736 0.0 0.0 0.0 0.0
1611639072.1208456 353017.8993150355 4025802.120720122 49.6488 0.0 0.0 0.0 0.0
1611639073.121128 353015.2776229674 4025800.820634642 49.7363 0.0 0.0 0.0 0.0
1611639074.121258 353013.1521396629 4025799.012782962 49.8241 0.0 0.0 0.0 0.0
1611639075.1207302 353011.8933905759 4025796.7426650124 49.875 0.0 0.0 0.0 0.0
1611639076.121809 353011.7331490045 4025794.3853014777 49.869 0.0 0.0 0.0 0.0
1611639077.1214619 353012.74986072135 4025791.9005234595 44.9752 0.0 0.0 0.0 0.0
1611639078.1218781 353014.974700116 4025789.6976404963 45.4569 0.0 0.0 0.0 0.0
1611639079.120668 353017.58996077126 4025788.528081606 45.5289 0.0 0.0 0.0 0.0
1611639080.120608 353020.58679770323 4025787.544024997 45.6285 0.0 0.0 0.0 0.0
1611639081.122778 353023.7918817512 4025786.544416384 45.6749 0.0 0.0 0.0 0.0
1611639082.1224062 353026.95187890716 4025785.602721557 45.6492 0.0 0.0 0.0 0.0
1611639083.1207697 353030.09697423177 4025784.814230002 45.634 0.0 0.0 0.0 0.0
1611639084.1211915 353033.24395292834 4025784.639539567 45.5379 0.0 0.0 0.0 0.0
1611639085.1211321 353036.14328384545 4025785.7557109315 45.3358 0.0 0.0 0.0 0.0
1611639086.1207533 353038.87379072176 4025787.456952329 45.4727 0.0 0.0 0.0 0.0
1611639087.1210084 353040.57175195945 4025790.3833931033 45.4504 0.0 0.0 0.0 0.0
1611639088.120858 353041.59392939985 4025793.707088281 45.4541 0.0 0.0 0.0 0.0
1611639089.1200745 353042.3592748004 4025797.1714429613 45.4919 0.0 0.0 0.0 0.0
1611639090.1204278 353043.1089107398 4025800.5914923795 45.5097 0.0 0.0 0.0 0.0
1611639091.120919 353043.6107774387 4025804.6160741206 45.0803 0.0 0.0 0.0 0.0
1611639092.120806 353044.81594724307 4025807.7053006766 45.1615 0.0 0.0 0.0 0.0
1611639093.1211967 353046.5412464795 4025810.3477584505 45.3539 0.0 0.0 0.0 0.0
1611639094.120694 353048.8654851209 4025812.3660439462 45.4821 0.0 0.0 0.0 0.0
1611639095.1211975 353051.8265752439 4025813.517237097 45.5144 0.0 0.0 0.0 0.0
1611639096.120744 353055.08757115406 4025813.477849887 45.6275 0.0 0.0 0.0 0.0
1611639097.1199443 353058.4444803982 4025812.7612342816 45.7231 0.0 0.0 0.0 0.0
1611639098.1205652 353061.81126228167 4025811.8064286453 45.7701 0.0 0.0 0.0 0.0
1611639099.1213725 353065.05654435616 4025810.840183331 45.8805 0.0 0.0 0.0 0.0
1611639100.1208704 353067.9686415255 4025810.028098754 45.897 0.0 0.0 0.0 0.0
1611639101.1202533 353070.1859343852 4025809.461749861 45.9117 0.0 0.0 0.0 0.0
1611639102.1209748 353071.6175169408 4025809.125662363 45.9261 0.0 0.0 0.0 0.0
1611639103.120967 353073.2657251602 4025808.738926586 45.9169 0.0 0.0 0.0 0.0
1611639104.1203432 353075.61483105266 4025808.1570284143 45.9587 0.0 0.0 0.0 0.0
1611639105.120008 353078.5343064462 4025807.5506659443 46.0075 0.0 0.0 0.0 0.0
1611639106.1200283 353081.5727810414 4025807.19640129 45.9838 0.0 0.0 0.0 0.0
1611639107.1229644 353084.4290915667 4025806.9844891964 45.9972 0.0 0.0 0.0 0.0
1611639108.1216378 353086.6531636539 4025806.8003105437 45.9933 0.0 0.0 0.0 0.0
1611639109.1206713 353088.31160632183 4025806.5937253493 46.0283 0.0 0.0 0.0 0.0
1611639110.1206822 353089.4653473516 4025806.3853390035 46.0047 0.0 0.0 0.0 0.0
1611639111.1211228 353090.55145968427 4025806.0345820673 45.9822 0.0 0.0 0.0 0.0
1611639112.121195 353091.6867655115 4025805.285730001 45.9606 0.0 0.0 0.0 0.0
1611639113.1199682 353092.69095805765 4025803.799506457 45.9448 0.0 0.0 0.0 0.0
1611639114.1205237 353093.2297053559 4025801.5212866752 45.9072 0.0 0.0 0.0 0.0
1611639115.1204963 353093.0437137102 4025798.587701378 45.8619 0.0 0.0 0.0 0.0
1611639116.1203766 353092.4010271317 4025795.140128363 45.8441 0.0 0.0 0.0 0.0
1611639117.1207507 353091.5969473463 4025791.5514041604 45.8147 0.0 0.0 0.0 0.0
1611639118.1206994 353090.6907526273 4025788.194852183 45.8231 0.0 0.0 0.0 0.0
1611639119.1207712 353089.83050121507 4025785.4750261134 45.8163 0.0 0.0 0.0 0.0
1611639120.1202538 353089.0755881473 4025783.2867952012 45.7762 0.0 0.0 0.0 0.0
1611639121.120272 353088.43965989246 4025781.4292630213 45.7589 0.0 0.0 0.0 0.0
1611639122.1203547 353087.97989442036 4025779.8076932956 45.7559 0.0 0.0 0.0 0.0
1611639123.1207824 353087.6180095006 4025778.1365636634 45.7783 0.0 0.0 0.0 0.0
1611639124.1197767 353087.33379515464 4025776.3442731937 45.7977 0.0 0.0 0.0 0.0
1611639125.1201124 353087.25789440115 4025774.337429502 45.8223 0.0 0.0 0.0 0.0
1611639126.1205537 353087.75608513725 4025772.278501723 45.8151 0.0 0.0 0.0 0.0
1611639127.1209223 353088.98843273043 4025770.389114656 45.7385 0.0 0.0 0.0 0.0
1611639128.1207662 353091.00378803886 4025768.9391996944 45.561 0.0 0.0 0.0 0.0
1611639129.1196108 353093.9745882365 4025767.150730936 46.0004 0.0 0.0 0.0 0.0
1611639130.1196659 353097.1066414314 4025766.139257057 45.9923 0.0 0.0 0.0 0.0
1611639131.119436 353100.57024495915 4025765.256434457 45.992 0.0 0.0 0.0 0.0
1611639132.1199753 353104.29161838465 4025764.464675675 45.9354 0.0 0.0 0.0 0.0
1611639133.1218345 353108.27916478756 4025763.650837376 45.8776 0.0 0.0 0.0 0.0
1611639134.1201544 353112.3865814625 4025762.8580874032 45.8492 0.0 0.0 0.0 0.0
1611639135.1199872 353116.31970158475 4025762.389542425 45.5323 0.0 0.0 0.0 0.0
1611639136.1203897 353120.3330953674 4025761.45912641 45.5805 0.0 0.0 0.0 0.0
1611639137.1203005 353124.10099862446 4025760.473690367 45.6338 0.0 0.0 0.0 0.0
1611639138.1200848 353127.41213381174 4025759.393537402 45.6384 0.0 0.0 0.0 0.0
1611639139.1191602 353129.83395203494 4025758.1409226297 45.4739 0.0 0.0 0.0 0.0
1611639140.1203978 353131.64106903493 4025756.5741475145 45.3303 0.0 0.0 0.0 0.0
1611639141.1198606 353133.03890859406 4025754.281557521 45.2424 0.0 0.0 0.0 0.0
1611639142.1200345 353133.8839732623 4025751.357131812 45.2258 0.0 0.0 0.0 0.0
1611639143.1201732 353134.4101351019 4025748.026423411 45.1769 0.0 0.0 0.0 0.0
1611639144.1206186 353134.9322724738 4025744.5023311083 45.2065 0.0 0.0 0.0 0.0
1611639145.120794 353135.6064888302 4025741.0905124373 45.3282 0.0 0.0 0.0 0.0
1611639146.1199982 353136.28776756674 4025737.963019152 45.3647 0.0 0.0 0.0 0.0
1611639147.1200817 353136.8268857389 4025734.8671562243 45.3532 0.0 0.0 0.0 0.0
1611639148.1197822 353136.6625929038 4025731.7214415553 45.3581 0.0 0.0 0.0 0.0
1611639149.1198845 353135.5489886261 4025728.7027804744 45.3688 0.0 0.0 0.0 0.0
1611639150.1193645 353133.6015581634 4025725.7942357664 45.3133 0.0 0.0 0.0 0.0
1611639151.1202068 353131.09118970734 4025722.960701538 45.3099 0.0 0.0 0.0 0.0
1611639152.1206048 353128.14004634565 4025720.261509651 45.3207 0.0 0.0 0.0 0.0
1611639153.1205153 353124.8605362172 4025717.6481495 45.294 0.0 0.0 0.0 0.0
1611639154.1193674 353121.2964984777 4025715.0949109523 45.2248 0.0 0.0 0.0 0.0
1611639155.1198266 353117.5379166766 4025712.483384267 45.2606 0.0 0.0 0.0 0.0
1611639156.1197221 353113.64962150966 4025709.8879283676 45.2595 0.0 0.0 0.0 0.0
1611639157.1198728 353109.7740870861 4025707.1629814696 45.3478 0.0 0.0 0.0 0.0
1611639158.1190455 353105.73397404526 4025704.815153787 45.2325 0.0 0.0 0.0 0.0
1611639159.122902 353101.78092509543 4025702.3974226415 45.2093 0.0 0.0 0.0 0.0
1611639160.1198938 353097.8595364234 4025700.056278517 45.2086 0.0 0.0 0.0 0.0
1611639161.12007 353093.9433256063 4025697.8001228855 45.2078 0.0 0.0 0.0 0.0
1611639162.1188922 353090.04429808265 4025695.5253681317 45.2173 0.0 0.0 0.0 0.0
1611639163.1194031 353086.1448126341 4025693.1796040176 45.2333 0.0 0.0 0.0 0.0
1611639164.1195908 353082.2606267353 4025690.7041208874 45.2894 0.0 0.0 0.0 0.0
1611639165.1189728 353078.32900587685 4025688.271795868 45.2912 0.0 0.0 0.0 0.0
1611639166.1201289 353074.36782877625 4025685.7902234476 45.3779 0.0 0.0 0.0 0.0
1611639167.1192503 353070.3831508673 4025683.343080983 45.3888 0.0 0.0 0.0 0.0
1611639168.1196353 353066.4117345421 4025680.8842488453 45.3996 0.0 0.0 0.0 0.0
1611639169.1190846 353062.42047967145 4025678.446468579 45.405 0.0 0.0 0.0 0.0
1611639170.11913 353058.4343170672 4025676.0180359 45.4072 0.0 0.0 0.0 0.0
1611639171.118956 353054.48931469675 4025673.5559869194 45.4411 0.0 0.0 0.0 0.0
1611639172.1190815 353051.4489319971 4025669.380623639 46.7176 0.0 0.0 0.0 0.0
1611639173.1186256 353047.54447831993 4025666.990203503 46.6816 0.0 0.0 0.0 0.0
1611639174.119708 353043.5890987853 4025664.772277288 46.5757 0.0 0.0 0.0 0.0
1611639175.11937 353039.66514322034 4025662.511097702 46.4759 0.0 0.0 0.0 0.0
1611639176.1197371 353035.7119314133 4025660.297761759 46.3914 0.0 0.0 0.0 0.0
1611639177.11952 353031.7564718933 4025658.0313864904 46.2957 0.0 0.0 0.0 0.0
1611639178.1200604 353027.83564070635 4025655.6813854994 46.2682 0.0 0.0 0.0 0.0
1611639179.119304 353023.874984642 4025653.4528305 46.0796 0.0 0.0 0.0 0.0
1611639180.1184998 353020.21274148906 4025651.0745897023 46.0985 0.0 0.0 0.0 0.0
1611639181.1190925 353016.69550054497 4025648.8146602255 46.032 0.0 0.0 0.0 0.0
1611639182.119906 353013.3635961094 4025646.6699535768 45.9719 0.0 0.0 0.0 0.0
1611639183.1195846 353010.54180260276 4025644.916077581 45.9036 0.0 0.0 0.0 0.0
1611639184.1191423 353008.24658500846 4025643.606571468 45.7791 0.0 0.0 0.0 0.0
1611639185.122412 353006.52076955955 4025642.7882393217 45.6698 0.0 0.0 0.0 0.0
1611639186.120112 353005.35222311225 4025642.4953164514 45.5133 0.0 0.0 0.0 0.0
1611639187.1185524 353004.253048445 4025642.420931602 45.3664 0.0 0.0 0.0 0.0
1611639188.1185155 353003.4044860472 4025642.3857584056 45.4077 0.0 0.0 0.0 0.0
1611639189.1190135 353002.6871726294 4025642.5133300098 45.3896 0.0 0.0 0.0 0.0
1611639190.1189907 353001.9849143052 4025642.796554812 45.345 0.0 0.0 0.0 0.0
1611639191.1199098 353001.36715002096 4025643.1316106985 44.7926 0.0 0.0 0.0 0.0
1611639192.1187391 353000.26384080807 4025643.836469018 44.6727 0.0 0.0 0.0 0.0
1611639193.119259 352999.10088108765 4025644.75484082 44.6516 0.0 0.0 0.0 0.0
1611639194.1200848 352998.1153242362 4025645.8055834463 44.6666 0.0 0.0 0.0 0.0
1611639195.1187518 352997.4620344577 4025647.1591785024 44.4637 0.0 0.0 0.0 0.0
1611639196.1188757 352997.3997736997 4025648.7444719034 44.4668 0.0 0.0 0.0 0.0
1611639197.118982 352998.1108409175 4025650.5768660954 44.4932 0.0 0.0 0.0 0.0
1611639198.119465 352999.72649523645 4025652.4405236864 44.4883 0.0 0.0 0.0 0.0
1611639199.1184769 353002.10941974225 4025654.2118267226 44.4708 0.0 0.0 0.0 0.0
1611639200.1197612 353005.07702251803 4025655.963966732 44.476 0.0 0.0 0.0 0.0
1611639201.1192908 353008.3836911501 4025657.9084330313 44.4598 0.0 0.0 0.0 0.0
1611639202.1196814 353011.91698928643 4025660.1009518066 44.4118 0.0 0.0 0.0 0.0
1611639203.118085 353015.5590133694 4025662.371894083 44.384 0.0 0.0 0.0 0.0
1611639204.119166 353019.21529450663 4025664.6721871905 44.3771 0.0 0.0 0.0 0.0
1611639205.119102 353022.7436779474 4025666.9280446046 44.3583 0.0 0.0 0.0 0.0
1611639206.1194913 353026.18228177715 4025669.0409839675 44.3529 0.0 0.0 0.0 0.0
1611639207.118503 353029.7585357691 4025671.217985581 44.3715 0.0 0.0 0.0 0.0
1611639208.1195338 353033.43110720173 4025673.562024966 44.279 0.0 0.0 0.0 0.0
1611639209.119244 353037.2642290005 4025675.9974802975 44.2683 0.0 0.0 0.0 0.0
1611639210.122006 353041.1758481273 4025678.5723491837 44.176 0.0 0.0 0.0 0.0
1611639211.122114 353045.25903885334 4025681.235858249 44.1238 0.0 0.0 0.0 0.0
1611639212.1192577 353049.49850342324 4025683.9768005246 44.1306 0.0 0.0 0.0 0.0
1611639213.119467 353053.9173033148 4025686.726170709 44.1252 0.0 0.0 0.0 0.0
1611639214.118078 353058.4755496114 4025689.513311804 44.1249 0.0 0.0 0.0 0.0
1611639215.1194518 353063.1231090296 4025692.4161959416 44.124 0.0 0.0 0.0 0.0
1611639216.1193302 353067.8491048466 4025695.366763034 44.1709 0.0 0.0 0.0 0.0
1611639217.1196213 353072.4657134523 4025698.270731458 44.2386 0.0 0.0 0.0 0.0
1611639218.1185358 353076.8666204843 4025700.997852766 44.3955 0.0 0.0 0.0 0.0
1611639219.1190908 353080.9109562532 4025703.655933176 44.3418 0.0 0.0 0.0 0.0
1611639220.1186116 353084.52435908164 4025706.526054161 44.4181 0.0 0.0 0.0 0.0
1611639221.1195886 353087.3472664475 4025709.7154749865 44.491 0.0 0.0 0.0 0.0
1611639222.1184096 353088.96494937607 4025713.0771660144 44.5661 0.0 0.0 0.0 0.0
1611639223.1187677 353089.0652845936 4025716.4814077783 44.5944 0.0 0.0 0.0 0.0
1611639224.1186247 353087.67288363195 4025718.9975110013 44.5955 0.0 0.0 0.0 0.0
1611639225.1191986 353085.6899685854 4025720.535279774 44.6469 0.0 0.0 0.0 0.0
1611639226.1180422 353083.5113739854 4025720.632872294 46.0831 0.0 0.0 0.0 0.0
1611639227.1185534 353081.36198717856 4025721.050479504 46.1843 0.0 0.0 0.0 0.0
1611639228.1183 353078.79902494483 4025721.5744136265 46.3134 0.0 0.0 0.0 0.0
1611639229.117611 353076.0624943946 4025722.2625627858 46.4418 0.0 0.0 0.0 0.0
1611639230.1176994 353073.4286482499 4025723.131512521 46.5764 0.0 0.0 0.0 0.0
1611639231.1183805 353070.7084853343 4025723.929243132 46.692 0.0 0.0 0.0 0.0
1611639232.119147 353067.84704408306 4025724.166582835 46.6779 0.0 0.0 0.0 0.0
1611639233.1175666 353064.9532489901 4025723.466062199 46.7489 0.0 0.0 0.0 0.0
1611639234.1185489 353062.098380818 4025722.1854505325 46.7172 0.0 0.0 0.0 0.0
1611639235.1183336 353059.2071063558 4025720.610285141 46.7086 0.0 0.0 0.0 0.0
1611639236.1207693 353056.2471356812 4025718.865211474 46.7201 0.0 0.0 0.0 0.0
1611639237.1201372 353053.1891712871 4025717.030807428 46.7903 0.0 0.0 0.0 0.0
1611639238.1184075 353050.0457871662 4025715.31936147 46.6487 0.0 0.0 0.0 0.0
1611639239.1183555 353046.89407918276 4025714.1492062043 45.0606 0.0 0.0 0.0 0.0
1611639240.1188796 353043.53345874674 4025712.3556315545 44.9419 0.0 0.0 0.0 0.0
1611639241.1175427 353040.18136800634 4025710.6329323123 44.7687 0.0 0.0 0.0 0.0
1611639242.118703 353036.9311016343 4025708.952154643 44.6212 0.0 0.0 0.0 0.0
1611639243.1189487 353033.7336102564 4025707.2963754795 44.6268 0.0 0.0 0.0 0.0
1611639244.1191304 353030.7783803147 4025705.549195289 44.8625 0.0 0.0 0.0 0.0
1611639245.1173298 353025.6633439024 4025704.9196448503 38.653 0.0 0.0 0.0 0.0
1611639246.1179163 353023.7403585969 4025702.396688161 38.6345 0.0 0.0 0.0 0.0
1611639247.1181188 353023.193356625 4025699.221769629 38.5883 0.0 0.0 0.0 0.0
1611639248.117419 353024.1792368179 4025695.9675916266 38.5507 0.0 0.0 0.0 0.0
1611639249.1184452 353025.9126867828 4025692.932472166 38.6999 0.0 0.0 0.0 0.0
1611639250.118194 353027.88084566663 4025690.0572340363 38.8439 0.0 0.0 0.0 0.0
1611639251.118512 353029.5519764961 4025687.774972884 38.69 0.0 0.0 0.0 0.0
1611639252.1181495 353030.8368909959 4025686.1539660012 38.6528 0.0 0.0 0.0 0.0
1611639253.1176462 353034.65259469906 4025683.275511505 44.8103 0.0 0.0 0.0 0.0
1611639254.1181688 353036.8893529044 4025681.72935796 45.2845 0.0 0.0 0.0 0.0
1611639255.1179214 353039.76581179415 4025680.7978411904 45.5337 0.0 0.0 0.0 0.0
1611639256.1178036 353043.2186486288 4025680.9190600556 45.7168 0.0 0.0 0.0 0.0
1611639257.1178086 353047.0664793699 4025682.193371632 45.908 0.0 0.0 0.0 0.0
1611639258.118567 353051.1305627611 4025684.233018646 45.829 0.0 0.0 0.0 0.0
1611639259.1186314 353055.468453911 4025686.806769268 45.7384 0.0 0.0 0.0 0.0
1611639260.1179621 353060.05434376514 4025689.7598927715 45.4944 0.0 0.0 0.0 0.0
1611639261.11758 353064.9892597158 4025692.954927265 45.2331 0.0 0.0 0.0 0.0
1611639262.1201248 353070.0870166436 4025696.182528194 45.052 0.0 0.0 0.0 0.0
1611639263.119155 353075.0996813157 4025699.384942437 44.7881 0.0 0.0 0.0 0.0
1611639264.1180484 353080.2421300113 4025702.619928929 44.5624 0.0 0.0 0.0 0.0
1611639265.1184013 353085.5167887158 4025705.94237536 44.4092 0.0 0.0 0.0 0.0
1611639266.1180608 353090.9443673495 4025709.4710353278 44.2911 0.0 0.0 0.0 0.0
1611639267.1177852 353096.56281459355 4025713.1592146154 44.2323 0.0 0.0 0.0 0.0
1611639268.1182113 353102.3217693099 4025716.930275321 44.1928 0.0 0.0 0.0 0.0
1611639269.1178656 353108.092242538 4025720.701699239 44.2257 0.0 0.0 0.0 0.0
1611639270.1176088 353113.515482879 4025724.4962116275 44.3229 0.0 0.0 0.0 0.0
1611639271.1172292 353118.34809257137 4025728.391175004 44.3596 0.0 0.0 0.0 0.0
1611639272.1174605 353122.35267685645 4025732.2356279343 44.4077 0.0 0.0 0.0 0.0
1611639273.1175535 353125.7567894155 4025736.164606475 44.5613 0.0 0.0 0.0 0.0
1611639274.1177702 353128.70580604876 4025740.168433479 44.6152 0.0 0.0 0.0 0.0
1611639275.117589 353131.1345229526 4025744.3978337566 44.7862 0.0 0.0 0.0 0.0
1611639276.1179693 353132.38216220826 4025748.820727513 44.9178 0.0 0.0 0.0 0.0
1611639277.1186585 353131.86507132265 4025753.066203886 45.0468 0.0 0.0 0.0 0.0
1611639278.1170156 353129.4887291234 4025756.5346098347 45.259 0.0 0.0 0.0 0.0
1611639279.1176517 353125.9869814059 4025758.9092763327 45.5326 0.0 0.0 0.0 0.0
1611639280.1175647 353121.8961749184 4025760.3910272256 45.7572 0.0 0.0 0.0 0.0
1611639281.1176357 353117.50246360013 4025761.377823185 45.8969 0.0 0.0 0.0 0.0
1611639282.117021 353112.69102760544 4025762.4819283136 45.8781 0.0 0.0 0.0 0.0
1611639283.1179204 353107.527940423 4025763.6480346234 45.3076 0.0 0.0 0.0 0.0
1611639284.1179426 353102.55528513785 4025764.550514086 45.335 0.0 0.0 0.0 0.0
1611639285.1181154 353097.13052182563 4025766.8333198437 44.5409 0.0 0.0 0.0 0.0
1611639286.1170943 353092.8286258754 4025768.2683579577 44.4968 0.0 0.0 0.0 0.0
1611639287.1175196 353089.66641591117 4025770.544996962 44.4139 0.0 0.0 0.0 0.0
1611639288.1192675 353087.86952378036 4025773.6320389905 44.4681 0.0 0.0 0.0 0.0
1611639289.1179576 353087.948596761 4025776.2583938884 45.4087 0.0 0.0 0.0 0.0
1611639290.1170614 353088.40571331664 4025780.309073146 45.4242 0.0 0.0 0.0 0.0
1611639291.1173947 353089.30639179994 4025784.575461767 45.3703 0.0 0.0 0.0 0.0
1611639292.117552 353090.39218547405 4025789.0147799454 45.333 0.0 0.0 0.0 0.0
1611639293.118019 353092.12605971744 4025791.996104624 45.9901 0.0 0.0 0.0 0.0
1611639294.1172187 353093.11561239784 4025795.9023791426 45.958 0.0 0.0 0.0 0.0
1611639295.1171079 353093.45656935405 4025799.4627046725 45.9204 0.0 0.0 0.0 0.0
1611639296.117525 353092.61660120863 4025802.7484311224 45.8598 0.0 0.0 0.0 0.0
1611639297.117119 353090.56783634936 4025805.359440968 45.7809 0.0 0.0 0.0 0.0
1611639298.1171744 353087.84786343144 4025807.190450745 45.7978 0.0 0.0 0.0 0.0
1611639299.1179523 353085.09558884753 4025808.5629760586 45.782 0.0 0.0 0.0 0.0
1611639300.1174161 353082.74556200043 4025809.522914395 45.8103 0.0 0.0 0.0 0.0
1611639301.1171327 353080.5388017284 4025810.3047271115 45.8095 0.0 0.0 0.0 0.0
1611639302.1321638 353077.98844379024 4025811.0500130043 45.8227 0.0 0.0 0.0 0.0
1611639303.1174083 353074.7149642006 4025811.897072172 45.7892 0.0 0.0 0.0 0.0
1611639304.1173766 353070.8897413879 4025812.667302395 45.8327 0.0 0.0 0.0 0.0
1611639305.1169088 353066.59903293726 4025813.3755171164 45.8092 0.0 0.0 0.0 0.0
1611639306.1171532 353061.99583665846 4025813.932383878 45.7511 0.0 0.0 0.0 0.0
1611639307.1176863 353057.498471931 4025813.8588312897 46.5258 0.0 0.0 0.0 0.0
1611639308.116705 353052.6378713738 4025813.613892947 46.464 0.0 0.0 0.0 0.0
1611639309.1171358 353047.8078263749 4025812.5951848966 46.5057 0.0 0.0 0.0 0.0
1611639310.1175668 353043.09917372256 4025811.2023120527 46.6025 0.0 0.0 0.0 0.0
1611639311.116799 353038.41424951877 4025809.6740295924 46.6648 0.0 0.0 0.0 0.0
1611639312.1164517 353033.67833407066 4025808.21726322 46.6038 0.0 0.0 0.0 0.0
1611639313.1162882 353028.99638212647 4025806.7233350324 46.6072 0.0 0.0 0.0 0.0
1611639314.1195173 353024.45795487316 4025805.190171237 46.6211 0.0 0.0 0.0 0.0
1611639315.1173904 353020.23326649686 4025803.626351445 46.5987 0.0 0.0 0.0 0.0
1611639316.1170921 353016.48706006724 4025801.7795905718 46.6771 0.0 0.0 0.0 0.0
1611639317.119466 353013.5544256596 4025799.228818643 46.7196 0.0 0.0 0.0 0.0
1611639318.1171453 353012.039441107 4025796.1202527834 46.6985 0.0 0.0 0.0 0.0
1611639319.1160882 353012.31843554217 4025793.017879571 46.6549 0.0 0.0 0.0 0.0
1611639320.1159291 353014.9360141831 4025789.189328382 47.518 0.0 0.0 0.0 0.0
1611639321.1165402 353017.8294113991 4025787.424338539 47.5188 0.0 0.0 0.0 0.0
1611639322.1165848 353019.9188731995 4025788.4310664246 45.5823 0.0 0.0 0.0 0.0
1611639323.11638 353023.43553090957 4025787.3259334518 45.5727 0.0 0.0 0.0 0.0
1611639324.1177673 353026.93316318456 4025786.210212849 45.5569 0.0 0.0 0.0 0.0
1611639325.1169105 353030.28963654174 4025785.299771985 45.5044 0.0 0.0 0.0 0.0
1611639326.1176193 353033.56303442694 4025785.188408284 45.4195 0.0 0.0 0.0 0.0
1611639327.1153712 353031.33354561776 4025796.590521073 38.3978 0.0 0.0 0.0 0.0
1611639328.1158843 353037.84308605443 4025789.5051244847 44.6681 0.0 0.0 0.0 0.0
1611639329.1169028 353038.7462823695 4025792.3396235267 44.534 0.0 0.0 0.0 0.0
1611639330.1164713 353039.2767468029 4025794.980887673 44.4924 0.0 0.0 0.0 0.0
1611639331.115926 353039.54771072464 4025797.1643751254 44.4046 0.0 0.0 0.0 0.0
1611639332.1171746 353040.27988695266 4025796.890817394 45.0594 0.0 0.0 0.0 0.0
1611639333.1171875 353040.3393637575 4025796.8875894994 45.0876 0.0 0.0 0.0 0.0
